3 1.00000 1.00000
3 1.00000 1.00000
5 1.00000 1.00000
4 1.00000 0.75000
3 1.00000 1.00000
4 1.00000 1.00000
4 1.00000 1.00000
5 1.00000 1.00000
3 1.00000 1.00000
5 1.00000 1.00000
5 1.00000 1.00000
4 1.00000 1.00000
4 1.00000 1.00000
4 1.00000 1.00000
4 1.00000 1.00000
4 1.00000 1.00000
5 1.00000 0.80000
5 1.00000 0.80000
4 1.00000 1.00000
6 1.00000 1.00000
4 1.00000 1.00000
5 1.00000 1.00000
6 1.00000 1.00000
6 1.00000 1.00000
6 1.00000 1.00000
6 1.00000 1.00000
6 1.00000 0.66667
6 1.00000 1.00000
4 1.00000 1.00000
4 1.00000 1.00000
6 1.00000 1.00000
6 1.00000 1.00000
5 1.00000 1.00000
6 0.85714 1.00000
7 0.87500 1.00000
7 0.87500 1.00000
6 1.00000 1.00000
7 0.63636 1.00000
7 1.00000 1.00000
6 1.00000 1.00000
7 1.00000 1.00000
5 1.00000 1.00000
5 1.00000 1.00000
5 1.00000 1.00000
7 1.00000 1.00000
7 0.63636 1.00000
7 1.00000 1.00000
7 1.00000 1.00000
7 1.00000 1.00000
4 1.00000 1.00000
4 1.00000 1.00000
7 1.00000 1.00000
6 1.00000 1.00000
6 1.00000 1.00000
6 1.00000 1.00000
6 1.00000 1.00000
6 1.00000 1.00000
7 1.00000 0.85714
6 0.85714 1.00000
7 1.00000 1.00000
8 1.00000 1.00000
5 1.00000 0.80000
4 1.00000 1.00000
4 1.00000 1.00000
4 1.00000 1.00000
4 1.00000 1.00000
3 1.00000 1.00000
6 1.00000 1.00000
4 1.00000 1.00000
7 1.00000 1.00000
7 1.00000 1.00000
7 1.00000 1.00000
7 1.00000 1.00000
7 1.00000 1.00000
6 1.00000 1.00000
8 1.00000 0.87500
6 1.00000 1.00000
8 1.00000 1.00000
5 1.00000 0.40000
8 1.00000 1.00000
6 1.00000 0.83333
7 1.00000 1.00000
9 1.00000 0.88889
9 1.00000 0.88889
8 1.00000 0.50000
4 1.00000 1.00000
9 1.00000 1.00000
8 0.88889 1.00000
8 1.00000 0.87500
9 1.00000 1.00000
9 0.90000 1.00000
4 1.00000 1.00000
4 1.00000 1.00000
8 1.00000 1.00000
10 1.00000 1.00000
9 1.00000 0.55556
6 1.00000 1.00000
6 1.00000 1.00000
8 1.00000 1.00000
7 1.00000 1.00000
10 1.00000 1.00000
9 0.25714 1.00000
9 1.00000 1.00000
10 0.90909 1.00000
9 1.00000 1.00000
10 1.00000 0.70000
6 1.00000 1.00000
10 1.00000 0.70000
9 0.90000 1.00000
9 1.00000 1.00000
6 1.00000 1.00000
10 1.00000 0.90000
4 1.00000 1.00000
4 1.00000 1.00000
6 1.00000 1.00000
8 1.00000 1.00000
10 1.00000 0.90000
10 1.00000 1.00000
9 1.00000 0.88889
11 1.00000 1.00000
6 1.00000 1.00000
5 1.00000 0.80000
8 0.88889 1.00000
10 1.00000 1.00000
7 1.00000 1.00000
11 1.00000 1.00000
10 0.90909 1.00000
10 0.90909 1.00000
5 1.00000 0.80000
5 1.00000 0.80000
11 1.00000 0.90909
9 1.00000 1.00000
10 1.00000 0.60000
10 1.00000 0.90000
8 1.00000 0.87500
7 0.63636 1.00000
11 1.00000 0.63636
4 1.00000 1.00000
8 1.00000 0.87500
10 1.00000 1.00000
6 1.00000 1.00000
10 1.00000 0.90000
9 1.00000 1.00000
8 1.00000 0.75000
8 1.00000 0.75000
12 1.00000 1.00000
6 1.00000 1.00000
11 1.00000 1.00000
5 1.00000 0.80000
8 1.00000 0.87500
12 1.00000 1.00000
12 1.00000 1.00000
11 1.00000 1.00000
11 1.00000 1.00000
12 0.92308 1.00000
12 0.92308 1.00000
11 1.00000 0.81818
12 1.00000 1.00000
12 0.91667 0.91667
9 1.00000 1.00000
6 1.00000 1.00000
7 1.00000 1.00000
13 1.00000 0.92308
10 0.90909 1.00000
12 1.00000 0.91667
13 1.00000 1.00000
13 1.00000 1.00000
12 1.00000 1.00000
13 1.00000 1.00000
13 1.00000 1.00000
5 1.00000 0.40000
5 1.00000 0.40000
13 0.80000 0.92308
12 1.00000 1.00000
8 1.00000 1.00000
11 1.00000 0.81818
8 1.00000 0.87500
10 1.00000 0.90000
9 1.00000 0.77778
3 1.00000 1.00000
10 1.00000 0.90000
11 1.00000 0.90909
13 1.00000 0.53846
14 0.92308 0.85714
14 0.92308 0.85714
6 1.00000 1.00000
13 0.92857 1.00000
6 1.00000 1.00000
14 0.86667 0.92857
10 1.00000 0.90000
14 0.92857 0.92857
11 1.00000 1.00000
13 0.81250 1.00000
13 0.81250 1.00000
14 0.82353 1.00000
11 1.00000 1.00000
4 1.00000 1.00000
3 1.00000 1.00000
12 1.00000 0.66667
14 1.00000 0.92857
14 1.00000 1.00000
14 0.87500 1.00000
15 1.00000 0.93333
4 1.00000 1.00000
14 1.00000 1.00000
12 1.00000 1.00000
15 1.00000 1.00000
12 0.92308 1.00000
15 0.93750 1.00000
12 0.92308 1.00000
4 1.00000 1.00000
12 0.92308 1.00000
15 1.00000 1.00000
6 1.00000 1.00000
15 1.00000 0.86667
3 1.00000 1.00000
3 1.00000 1.00000
15 1.00000 1.00000
8 0.88889 1.00000
8 0.88889 1.00000
8 0.88889 1.00000
8 1.00000 1.00000
7 0.63636 1.00000
16 1.00000 0.75000
6 1.00000 0.66667
6 1.00000 0.66667
16 1.00000 0.87500
16 1.00000 0.93750
16 1.00000 0.93750
16 0.76471 0.81250
13 0.81250 1.00000
5 1.00000 0.80000
14 1.00000 1.00000
7 1.00000 1.00000
16 0.58333 0.43750
7 1.00000 1.00000
6 1.00000 1.00000
15 1.00000 0.86667
16 0.84211 1.00000
7 1.00000 1.00000
16 1.00000 1.00000
17 0.69565 0.94118
8 1.00000 0.87500
17 1.00000 0.88235
17 1.00000 0.94118
6 1.00000 0.83333
7 1.00000 1.00000
16 1.00000 1.00000
13 0.81250 1.00000
7 0.63636 1.00000
17 1.00000 0.76471
11 0.90909 0.90909
18 1.00000 1.00000
17 0.68182 0.88235
18 0.50000 0.61111
13 0.81250 1.00000
17 1.00000 0.88235
14 0.82353 1.00000
3 1.00000 1.00000
9 1.00000 1.00000
8 0.80000 1.00000
16 1.00000 1.00000
11 1.00000 1.00000
18 1.00000 0.94444
19 1.00000 0.47368
3 1.00000 1.00000
8 1.00000 0.87500
6 1.00000 1.00000
15 0.77778 0.93333
15 1.00000 0.80000
7 0.63636 1.00000
4 1.00000 1.00000
19 0.69231 0.94737
3 1.00000 1.00000
3 1.00000 1.00000
18 0.91667 0.61111
3 1.00000 1.00000
8 0.88889 1.00000
18 1.00000 0.94444
16 1.00000 0.87500
13 0.81250 1.00000
11 1.00000 1.00000
19 1.00000 0.68421
8 1.00000 1.00000
12 1.00000 1.00000
20 1.00000 0.60000
17 1.00000 0.88235
4 1.00000 1.00000
4 1.00000 1.00000
20 1.00000 1.00000
8 1.00000 1.00000
5 1.00000 0.80000
7 1.00000 1.00000
14 1.00000 0.85714
17 1.00000 0.47059
12 1.00000 1.00000
16 1.00000 1.00000
8 0.88889 1.00000
4 1.00000 1.00000
8 1.00000 1.00000
16 1.00000 0.93750
16 1.00000 0.93750
13 1.00000 0.53846
19 1.00000 0.73684
7 0.63636 1.00000
4 1.00000 1.00000
14 1.00000 1.00000
9 1.00000 0.88889
18 0.94737 1.00000
18 0.88889 0.88889
14 1.00000 1.00000
21 1.00000 0.61905
12 1.00000 0.91667
9 0.90000 1.00000
23 1.00000 0.95652
23 1.00000 0.52174
13 1.00000 0.53846
15 1.00000 0.93333
12 1.00000 1.00000
13 0.81250 1.00000
20 1.00000 0.90000
7 1.00000 1.00000
18 1.00000 1.00000
21 0.92308 0.57143
8 1.00000 1.00000
20 1.00000 0.75000
18 1.00000 0.77778
24 0.88462 0.95833
25 0.88462 0.92000
21 1.00000 1.00000
20 0.95000 0.95000
25 1.00000 0.68000
6 1.00000 0.83333
15 1.00000 0.46667
15 1.00000 0.46667
20 1.00000 0.35000
20 1.00000 0.35000
6 1.00000 1.00000
16 1.00000 1.00000
14 1.00000 0.92857
9 1.00000 0.66667
11 1.00000 0.81818
7 0.63636 1.00000
19 0.94118 0.84211
26 1.00000 0.11538
24 1.00000 0.95833
19 0.94118 0.84211
25 1.00000 0.88000
8 0.88889 1.00000
23 0.88889 0.34783
26 1.00000 0.73077
5 1.00000 1.00000
11 1.00000 0.90909
25 1.00000 0.52000
25 1.00000 0.52000
25 1.00000 0.52000
25 1.00000 0.52000
19 0.94118 0.84211
26 0.92857 1.00000
25 1.00000 0.76000
27 1.00000 0.29630
25 1.00000 0.52000
23 0.76190 0.69565
7 1.00000 1.00000
8 0.88889 1.00000
22 1.00000 0.54545
22 1.00000 0.54545
7 1.00000 1.00000
8 1.00000 1.00000
27 1.00000 0.48148
8 1.00000 1.00000
7 1.00000 1.00000
13 1.00000 0.53846
25 1.00000 0.52000
23 1.00000 0.43478
3 1.00000 1.00000
3 1.00000 1.00000
3 1.00000 1.00000
8 0.88889 1.00000
4 1.00000 1.00000
27 0.96429 1.00000
6 1.00000 1.00000
14 1.00000 1.00000
15 1.00000 0.53333
25 1.00000 0.52000
25 1.00000 0.52000
27 1.00000 0.44444
8 0.88889 1.00000
11 1.00000 1.00000
14 0.58333 1.00000
11 1.00000 1.00000
25 1.00000 0.52000
14 0.58333 1.00000
16 1.00000 1.00000
8 1.00000 1.00000
27 1.00000 0.25926
30 1.00000 0.86667
5 1.00000 1.00000
12 1.00000 1.00000
10 0.45455 1.00000
26 0.90000 0.34615
26 0.90000 0.34615
30 1.00000 0.26667
25 1.00000 0.52000
30 0.58537 0.80000
21 1.00000 0.90476
3 1.00000 1.00000
29 1.00000 0.96552
15 1.00000 0.53333
14 0.58333 1.00000
8 1.00000 0.87500
31 1.00000 0.58065
3 1.00000 1.00000
11 1.00000 1.00000
32 1.00000 0.53125
17 1.00000 0.58824
10 0.90000 0.90000
7 1.00000 1.00000
26 1.00000 0.11538
29 0.81818 0.62069
7 1.00000 1.00000
27 1.00000 0.37037
27 1.00000 0.25926
28 1.00000 0.67857
25 1.00000 0.52000
25 1.00000 0.52000
3 1.00000 1.00000
22 1.00000 0.72727
19 0.95000 1.00000
34 1.00000 0.64706
32 1.00000 0.25000
33 1.00000 0.75758
17 1.00000 0.94118
31 1.00000 0.74194
3 1.00000 1.00000
33 1.00000 0.57576
4 1.00000 1.00000
4 1.00000 1.00000
33 1.00000 0.81818
28 1.00000 0.82143
25 1.00000 0.52000
34 1.00000 0.64706
33 0.93333 0.84848
33 0.93333 0.84848
9 0.88889 0.88889
12 1.00000 1.00000
13 0.92857 1.00000
13 0.92857 1.00000
32 1.00000 0.62500
36 0.97059 0.91667
33 1.00000 0.66667
22 1.00000 0.90909
22 1.00000 0.90909
22 1.00000 0.90909
22 0.95455 0.95455
22 0.95455 0.95455
35 1.00000 0.42857
35 1.00000 0.42857
33 0.91304 0.63636
36 1.00000 0.11111
11 1.00000 1.00000
22 1.00000 0.81818
11 1.00000 1.00000
6 1.00000 1.00000
31 1.00000 0.48387
31 1.00000 0.48387
25 1.00000 0.52000
18 0.87500 0.38889
26 0.86667 0.50000
22 1.00000 0.90909
36 0.86667 0.36111
11 1.00000 1.00000
6 0.85714 1.00000
7 1.00000 1.00000
22 1.00000 0.90909
30 1.00000 0.33333
6 0.85714 1.00000
37 0.93750 0.40541
37 0.93750 0.40541
33 1.00000 0.51515
22 1.00000 0.90909
38 1.00000 0.39474
22 1.00000 0.90909
22 1.00000 0.90909
22 1.00000 0.90909
6 1.00000 1.00000
6 1.00000 1.00000
3 1.00000 1.00000
3 1.00000 1.00000
3 1.00000 1.00000
3 1.00000 1.00000
3 1.00000 1.00000
3 1.00000 1.00000
8 1.00000 0.87500
4 1.00000 1.00000
36 1.00000 0.33333
19 0.94118 0.84211
19 0.94118 0.84211
43 1.00000 0.18605
27 0.86957 0.74074
6 1.00000 1.00000
3 1.00000 1.00000
19 0.94118 0.84211
15 1.00000 0.93333
19 0.94118 0.84211
19 1.00000 0.73684
19 0.94118 0.84211
8 0.88889 1.00000
8 0.88889 1.00000
10 0.90909 1.00000
6 1.00000 0.66667
9 0.90000 1.00000
19 0.94118 0.84211
9 0.81818 1.00000
7 1.00000 1.00000
19 0.94118 0.84211
11 0.73333 1.00000
12 1.00000 1.00000
36 1.00000 0.47222
9 0.90000 1.00000
44 0.95238 0.45455
47 0.96774 0.63830
20 1.00000 0.40000
20 1.00000 0.40000
28 1.00000 0.71429
27 0.90000 0.33333
12 1.00000 1.00000
42 1.00000 0.14286
47 0.96774 0.63830
47 0.96774 0.63830
39 1.00000 0.51282
9 1.00000 0.88889
22 1.00000 0.90909
44 1.00000 0.45455
45 1.00000 0.31111
45 0.88235 0.33333
45 0.88235 0.33333
42 1.00000 0.14286
45 0.95238 0.44444
10 0.90909 1.00000
25 1.00000 0.52000
5 1.00000 1.00000
35 1.00000 0.25714
22 1.00000 0.81818
13 1.00000 0.61538
3 1.00000 1.00000
35 1.00000 0.25714
28 1.00000 0.89286
45 1.00000 0.35556
45 1.00000 0.35556
28 1.00000 0.89286
5 1.00000 1.00000
42 1.00000 0.14286
36 1.00000 0.47222
52 1.00000 0.61538
41 0.88889 0.19512
41 0.88889 0.19512
41 1.00000 0.34146
16 1.00000 0.87500
22 1.00000 0.90909
3 1.00000 1.00000
6 1.00000 1.00000
5 1.00000 1.00000
3 1.00000 1.00000
5 1.00000 1.00000
3 1.00000 1.00000
46 1.00000 0.30435
46 1.00000 0.30435
23 0.94737 0.78261
11 1.00000 1.00000
22 1.00000 0.81818
22 1.00000 0.90909
8 1.00000 1.00000
8 1.00000 1.00000
4 1.00000 1.00000
50 1.00000 0.16000
50 1.00000 0.16000
50 1.00000 0.32000
24 0.94737 0.75000
22 1.00000 0.90909
3 1.00000 1.00000
5 1.00000 0.80000
22 1.00000 0.90909
42 1.00000 0.14286
11 1.00000 1.00000
24 0.94737 0.75000
56 1.00000 0.33929
10 1.00000 0.90000
55 0.84615 0.20000
42 1.00000 0.14286
4 1.00000 1.00000
41 1.00000 0.34146
52 1.00000 0.30769
6 1.00000 1.00000
13 1.00000 0.53846
13 0.81250 1.00000
22 1.00000 0.90909
42 1.00000 0.14286
61 0.98000 0.80328
9 1.00000 1.00000
10 1.00000 0.60000
17 1.00000 0.47059
16 0.76471 0.81250
12 1.00000 0.33333
3 1.00000 1.00000
20 0.85714 0.90000
34 1.00000 0.50000
42 1.00000 0.14286
12 1.00000 1.00000
27 1.00000 0.25926
7 1.00000 1.00000
33 1.00000 0.33333
42 1.00000 0.14286
6 1.00000 1.00000
6 1.00000 1.00000
32 1.00000 0.28125
13 1.00000 0.53846
12 1.00000 1.00000
8 1.00000 0.87500
42 1.00000 0.14286
42 1.00000 0.14286
9 0.81818 1.00000
51 0.80000 0.15686
42 1.00000 0.14286
5 1.00000 1.00000
66 1.00000 0.24242
6 1.00000 1.00000
23 1.00000 0.91304
22 1.00000 0.90909
14 0.58333 1.00000
11 1.00000 0.90909
14 0.58333 1.00000
11 1.00000 0.90909
23 1.00000 0.60870
7 1.00000 1.00000
62 1.00000 0.25806
22 1.00000 0.81818
62 1.00000 0.25806
3 1.00000 1.00000
5 1.00000 1.00000
5 1.00000 1.00000
13 0.81250 1.00000
32 1.00000 0.28125
32 1.00000 0.28125
14 0.86667 0.92857
4 1.00000 1.00000
21 1.00000 1.00000
42 1.00000 0.14286
66 1.00000 0.22727
66 1.00000 0.22727
32 1.00000 0.28125
66 1.00000 0.68182
55 0.84615 0.20000
23 1.00000 0.91304
3 1.00000 1.00000
42 1.00000 0.14286
7 1.00000 0.85714
6 1.00000 1.00000
42 1.00000 0.14286
3 1.00000 1.00000
6 0.85714 1.00000
42 1.00000 0.14286
12 1.00000 1.00000
4 1.00000 1.00000
42 1.00000 0.14286
11 1.00000 0.36364
10 0.45455 1.00000
10 0.90909 1.00000
7 1.00000 1.00000
7 1.00000 1.00000
7 1.00000 1.00000
11 1.00000 1.00000
6 1.00000 1.00000
11 1.00000 0.90909
7 1.00000 1.00000
73 1.00000 0.17808
74 1.00000 0.17568
70 0.48889 0.31429
42 1.00000 0.14286
9 1.00000 0.88889
71 1.00000 0.30986
10 1.00000 1.00000
24 0.92308 0.50000
27 1.00000 0.48148
12 0.85714 1.00000
9 1.00000 0.77778
72 1.00000 0.30556
46 1.00000 0.30435
13 1.00000 1.00000
9 1.00000 0.88889
11 1.00000 1.00000
9 0.75000 1.00000
47 0.85714 0.38298
47 0.85714 0.38298
28 1.00000 0.67857
9 1.00000 0.88889
60 1.00000 0.20000
60 1.00000 0.20000
18 1.00000 0.50000
18 1.00000 0.50000
3 1.00000 1.00000
3 1.00000 1.00000
15 1.00000 0.53333
6 1.00000 1.00000
32 1.00000 0.43750
83 1.00000 0.40964
26 0.86667 0.50000
83 1.00000 0.40964
4 1.00000 1.00000
3 1.00000 1.00000
3 1.00000 1.00000
11 1.00000 1.00000
52 1.00000 0.61538
7 1.00000 1.00000
71 1.00000 0.63380
8 1.00000 1.00000
6 1.00000 1.00000
36 0.97059 0.91667
52 1.00000 0.61538
7 1.00000 1.00000
11 1.00000 0.81818
11 1.00000 0.81818
5 1.00000 0.80000
3 1.00000 1.00000
39 1.00000 0.51282
17 1.00000 0.47059
11 1.00000 0.36364
3 1.00000 1.00000
19 0.94118 0.84211
10 1.00000 0.90000
47 0.96774 0.63830
94 1.00000 0.41489
10 1.00000 0.20000
8 1.00000 1.00000
10 1.00000 0.20000
8 1.00000 1.00000
3 1.00000 1.00000
3 1.00000 1.00000
36 1.00000 0.38889
30 1.00000 0.66667
10 1.00000 1.00000
6 0.75000 1.00000
6 0.75000 1.00000
9 1.00000 1.00000
9 1.00000 1.00000
42 1.00000 0.14286
13 1.00000 0.53846
12 1.00000 1.00000
3 1.00000 1.00000
3 1.00000 1.00000
9 1.00000 0.88889
9 0.88889 0.88889
18 1.00000 0.77778
83 1.00000 0.40964
3 1.00000 1.00000
3 1.00000 1.00000
4 1.00000 1.00000
6 1.00000 1.00000
33 1.00000 0.66667
4 1.00000 1.00000
4 1.00000 1.00000
91 0.96296 0.28571
91 0.96296 0.28571
11 1.00000 1.00000
24 0.94737 0.75000
4 1.00000 1.00000
4 1.00000 1.00000
4 1.00000 1.00000
18 1.00000 0.50000
8 0.88889 1.00000
90 1.00000 0.73333
15 1.00000 1.00000
4 1.00000 1.00000
4 1.00000 0.75000
4 1.00000 1.00000
50 1.00000 0.16000
15 0.77778 0.93333
13 1.00000 0.92308
11 0.90909 0.90909
11 1.00000 1.00000
3 1.00000 1.00000
7 1.00000 1.00000
17 1.00000 0.47059
12 0.85714 1.00000
3 1.00000 1.00000
11 1.00000 0.81818
11 1.00000 1.00000
4 1.00000 1.00000
117 0.95745 0.38462
7 1.00000 1.00000
4 1.00000 1.00000
4 1.00000 1.00000
4 1.00000 1.00000
4 1.00000 1.00000
4 1.00000 1.00000
4 1.00000 1.00000
13 1.00000 0.92308
11 1.00000 0.72727
46 1.00000 0.08696
9 0.75000 1.00000
46 1.00000 0.08696
46 1.00000 0.08696
31 1.00000 0.58065
25 0.88462 0.92000
23 0.76190 0.69565
9 1.00000 0.55556
25 1.00000 0.76000
9 1.00000 1.00000
7 1.00000 1.00000
4 1.00000 0.75000
9 1.00000 0.88889
6 1.00000 1.00000
46 1.00000 0.08696
15 0.93750 1.00000
6 0.85714 1.00000
8 1.00000 0.50000
19 0.94118 0.84211
3 1.00000 1.00000
46 1.00000 0.08696
11 1.00000 1.00000
3 1.00000 1.00000
8 0.88889 1.00000
47 1.00000 0.14894
9 0.37500 1.00000
46 1.00000 0.08696
3 1.00000 1.00000
33 0.93333 0.84848
17 1.00000 0.94118
16 1.00000 1.00000
11 1.00000 0.90909
9 0.90000 1.00000
6 1.00000 1.00000
4 1.00000 1.00000
4 1.00000 1.00000
6 1.00000 1.00000
6 1.00000 1.00000
74 1.00000 0.31081
13 0.81250 1.00000
10 1.00000 0.90000
5 1.00000 0.80000
34 1.00000 0.50000
18 1.00000 0.50000
46 1.00000 0.08696
3 1.00000 1.00000
4 1.00000 1.00000
30 1.00000 0.33333
20 0.95000 0.95000
5 1.00000 1.00000
46 1.00000 0.08696
13 0.81250 1.00000
7 1.00000 1.00000
7 1.00000 1.00000
7 1.00000 1.00000
7 1.00000 1.00000
7 1.00000 1.00000
7 1.00000 1.00000
13 0.92857 1.00000
5 1.00000 1.00000
104 0.95238 0.38462
23 1.00000 0.60870
23 1.00000 0.60870
41 1.00000 0.34146
14 1.00000 1.00000
7 1.00000 1.00000
46 1.00000 0.08696
12 1.00000 1.00000
25 1.00000 0.52000
22 1.00000 0.90909
3 1.00000 1.00000
23 1.00000 0.56522
12 1.00000 0.83333
8 1.00000 0.87500
4 1.00000 1.00000
31 1.00000 0.74194
41 1.00000 0.46341
10 1.00000 1.00000
4 1.00000 1.00000
4 1.00000 1.00000
5 1.00000 0.80000
4 1.00000 1.00000
46 1.00000 0.08696
5 1.00000 1.00000
11 1.00000 0.90909
11 1.00000 0.90909
11 1.00000 0.90909
7 1.00000 0.71429
7 1.00000 1.00000
4 1.00000 1.00000
4 1.00000 1.00000
4 1.00000 1.00000
113 1.00000 0.37168
138 0.97872 0.33333
138 0.97872 0.33333
10 1.00000 1.00000
10 0.90909 1.00000
5 1.00000 1.00000
7 1.00000 1.00000
7 1.00000 1.00000
12 1.00000 1.00000
7 1.00000 1.00000
15 1.00000 0.80000
3 1.00000 1.00000
13 1.00000 0.92308
16 1.00000 0.87500
16 1.00000 0.87500
4 1.00000 1.00000
4 1.00000 1.00000
3 1.00000 1.00000
28 1.00000 0.42857
54 1.00000 0.61111
35 1.00000 0.48571
13 0.76471 1.00000
9 1.00000 1.00000
8 1.00000 1.00000
7 0.87500 1.00000
4 1.00000 1.00000
10 0.90909 1.00000
10 0.90909 1.00000
10 0.90909 1.00000
10 0.90909 1.00000
10 0.90909 1.00000
10 0.90909 1.00000
28 0.93333 0.50000
10 1.00000 0.90000
8 1.00000 1.00000
4 1.00000 1.00000
17 1.00000 0.58824
14 1.00000 1.00000
25 1.00000 0.84000
47 1.00000 0.14894
9 1.00000 1.00000
3 1.00000 1.00000
52 1.00000 0.61538
7 1.00000 1.00000
16 1.00000 1.00000
10 1.00000 0.90000
11 1.00000 1.00000
8 1.00000 0.75000
3 1.00000 1.00000
9 1.00000 1.00000
3 1.00000 1.00000
18 0.50000 0.61111
6 1.00000 1.00000
8 1.00000 1.00000
4 1.00000 0.75000
3 1.00000 1.00000
22 1.00000 0.90909
3 1.00000 1.00000
6 1.00000 1.00000
6 0.85714 1.00000
3 1.00000 1.00000
4 1.00000 1.00000
7 1.00000 1.00000
7 1.00000 1.00000
7 1.00000 1.00000
3 1.00000 1.00000
29 0.56098 0.79310
27 0.92000 0.85185
12 0.85714 1.00000
6 1.00000 1.00000
9 1.00000 0.77778
5 1.00000 1.00000
4 1.00000 1.00000
46 1.00000 0.08696
16 1.00000 0.68750
16 1.00000 0.68750
4 1.00000 0.75000
12 0.91667 0.91667
7 1.00000 1.00000
6 0.85714 1.00000
7 1.00000 1.00000
7 1.00000 1.00000
12 1.00000 1.00000
7 0.87500 1.00000
7 1.00000 1.00000
7 1.00000 1.00000
8 0.88889 1.00000
3 1.00000 1.00000
23 1.00000 0.56522
12 1.00000 0.83333
7 1.00000 1.00000
57 1.00000 0.33333
21 1.00000 0.61905
9 1.00000 0.77778
12 0.85714 1.00000
6 1.00000 1.00000
4 1.00000 1.00000
11 0.91667 1.00000
4 1.00000 0.75000
91 1.00000 0.10989
4 1.00000 1.00000
7 1.00000 0.71429
7 1.00000 0.71429
11 1.00000 1.00000
5 1.00000 1.00000
4 1.00000 1.00000
30 1.00000 0.50000
9 1.00000 1.00000
9 1.00000 0.88889
11 1.00000 0.81818
3 1.00000 1.00000
11 1.00000 0.36364
6 1.00000 1.00000
6 0.85714 1.00000
19 1.00000 0.47368
12 1.00000 0.91667
7 1.00000 1.00000
4 1.00000 1.00000
7 1.00000 0.85714
31 1.00000 0.48387
29 0.81818 0.62069
4 1.00000 1.00000
4 1.00000 1.00000
4 1.00000 1.00000
4 1.00000 1.00000
4 1.00000 1.00000
4 1.00000 1.00000
4 1.00000 1.00000
9 1.00000 1.00000
3 1.00000 1.00000
7 1.00000 0.85714
9 0.25714 1.00000
5 1.00000 0.80000
5 1.00000 0.80000
13 0.92857 1.00000
7 1.00000 0.85714
30 1.00000 0.86667
7 1.00000 1.00000
119 1.00000 0.11765
13 1.00000 0.92308
9 1.00000 0.88889
4 1.00000 1.00000
4 1.00000 1.00000
15 1.00000 0.46667
7 1.00000 1.00000
5 1.00000 1.00000
13 1.00000 0.53846
9 1.00000 1.00000
6 1.00000 0.83333
11 1.00000 0.81818
51 1.00000 0.07843
3 1.00000 1.00000
6 1.00000 0.66667
5 1.00000 1.00000
8 1.00000 1.00000
4 1.00000 0.75000
42 0.87500 0.33333
42 0.87500 0.33333
3 1.00000 1.00000
9 1.00000 0.88889
8 0.88889 1.00000
8 0.88889 1.00000
7 1.00000 1.00000
18 1.00000 0.72222
13 1.00000 0.92308
51 1.00000 0.07843
5 1.00000 1.00000
3 1.00000 1.00000
11 1.00000 0.81818
47 1.00000 0.14894
90 1.00000 0.17778
32 1.00000 0.25000
6 1.00000 1.00000
6 1.00000 1.00000
7 1.00000 1.00000
104 0.95238 0.38462
48 1.00000 0.52083
7 1.00000 1.00000
7 1.00000 1.00000
16 1.00000 1.00000
4 1.00000 1.00000
11 1.00000 1.00000
6 1.00000 1.00000
3 1.00000 1.00000
8 1.00000 1.00000
3 1.00000 1.00000
4 1.00000 1.00000
17 0.93333 0.82353
4 1.00000 1.00000
44 1.00000 0.25000
4 1.00000 1.00000
3 1.00000 1.00000
44 1.00000 0.25000
5 1.00000 1.00000
3 1.00000 1.00000
34 1.00000 0.58824
9 1.00000 0.55556
7 1.00000 0.85714
4 1.00000 1.00000
3 1.00000 1.00000
3 1.00000 1.00000
3 1.00000 1.00000
50 0.93750 0.60000
41 0.87500 0.34146
6 1.00000 0.83333
46 0.95238 0.43478
21 1.00000 1.00000
18 1.00000 0.94444
11 1.00000 1.00000
14 0.82353 1.00000
6 1.00000 1.00000
31 1.00000 0.45161
31 1.00000 0.45161
4 1.00000 1.00000
4 1.00000 1.00000
4 1.00000 1.00000
28 0.93333 0.50000
10 1.00000 0.90000
8 1.00000 1.00000
4 1.00000 1.00000
26 1.00000 0.73077
4 1.00000 1.00000
4 1.00000 1.00000
19 1.00000 0.94737
14 1.00000 0.71429
4 1.00000 1.00000
4 1.00000 1.00000
20 1.00000 0.85000
18 1.00000 0.94444
42 1.00000 0.14286
13 0.81250 1.00000
9 0.81818 1.00000
7 1.00000 1.00000
7 1.00000 1.00000
47 1.00000 0.14894
4 1.00000 1.00000
3 1.00000 1.00000
19 1.00000 0.94737
14 1.00000 0.71429
14 0.93333 1.00000
3 1.00000 1.00000
8 1.00000 1.00000
51 0.80000 0.15686
19 0.95000 1.00000
8 0.88889 1.00000
7 0.77778 1.00000
3 1.00000 1.00000
13 1.00000 1.00000
13 1.00000 1.00000
42 1.00000 0.14286
12 1.00000 1.00000
11 1.00000 1.00000
13 1.00000 0.53846
13 1.00000 0.53846
3 1.00000 1.00000
11 1.00000 1.00000
5 1.00000 1.00000
46 1.00000 0.13043
13 1.00000 0.53846
3 1.00000 1.00000
33 1.00000 0.42424
3 1.00000 1.00000
3 1.00000 1.00000
17 1.00000 0.76471
8 0.88889 1.00000
5 1.00000 1.00000
66 1.00000 0.22727
45 0.88235 0.33333
25 1.00000 0.88000
11 1.00000 1.00000
9 1.00000 1.00000
8 0.80000 1.00000
9 1.00000 1.00000
9 1.00000 1.00000
8 1.00000 0.87500
6 1.00000 1.00000
9 1.00000 0.88889
3 1.00000 1.00000
61 0.98000 0.80328
28 1.00000 0.71429
17 1.00000 0.94118
12 1.00000 1.00000
10 1.00000 0.70000
18 1.00000 0.55556
4 1.00000 1.00000
32 1.00000 0.53125
24 1.00000 0.95833
15 1.00000 1.00000
33 1.00000 0.51515
23 1.00000 0.91304
16 0.58333 0.43750
5 1.00000 1.00000
6 1.00000 1.00000
35 0.94118 0.45714
12 1.00000 1.00000
9 1.00000 0.88889
6 1.00000 1.00000
5 1.00000 0.80000
52 1.00000 0.61538
45 1.00000 0.35556
34 1.00000 0.23529
8 1.00000 1.00000
6 1.00000 1.00000
52 1.00000 0.61538
45 1.00000 0.35556
34 1.00000 0.23529
8 1.00000 1.00000
6 1.00000 1.00000
9 1.00000 1.00000
10 1.00000 0.70000
9 1.00000 1.00000
12 0.80000 1.00000
4 1.00000 1.00000
3 1.00000 1.00000
9 0.81818 1.00000
6 1.00000 1.00000
4 1.00000 1.00000
5 1.00000 1.00000
3 1.00000 1.00000
25 1.00000 0.68000
12 1.00000 0.66667
25 1.00000 0.60000
14 1.00000 0.92857
12 1.00000 1.00000
11 1.00000 1.00000
14 0.58333 1.00000
8 0.88889 1.00000
4 1.00000 1.00000
8 1.00000 0.87500
3 1.00000 1.00000
9 0.90000 1.00000
9 0.90000 1.00000
25 1.00000 0.52000
9 1.00000 1.00000
7 1.00000 1.00000
6 1.00000 1.00000
5 1.00000 1.00000
8 0.88889 1.00000
12 1.00000 1.00000
12 0.92308 1.00000
5 1.00000 0.80000
8 1.00000 0.75000
8 1.00000 0.75000
14 0.87500 1.00000
10 1.00000 0.90000
4 1.00000 1.00000
3 1.00000 1.00000
7 1.00000 1.00000
11 1.00000 0.63636
17 1.00000 0.82353
11 0.84615 1.00000
9 1.00000 0.88889
51 1.00000 0.07843
11 1.00000 0.90909
11 1.00000 0.90909
9 0.37500 1.00000
27 1.00000 0.48148
23 1.00000 0.52174
10 1.00000 0.90000
9 1.00000 1.00000
5 1.00000 0.80000
5 1.00000 1.00000
31 1.00000 0.41935
31 1.00000 0.32258
18 1.00000 0.94444
22 1.00000 0.90909
6 1.00000 1.00000
8 1.00000 1.00000
7 0.87500 1.00000
8 1.00000 1.00000
7 0.87500 1.00000
22 1.00000 0.90909
9 1.00000 0.88889
3 1.00000 1.00000
12 0.92308 1.00000
11 1.00000 1.00000
6 1.00000 1.00000
5 1.00000 0.80000
74 1.00000 0.17568
28 1.00000 0.89286
3 1.00000 1.00000
8 1.00000 1.00000
7 1.00000 1.00000
6 1.00000 1.00000
6 1.00000 1.00000
3 1.00000 1.00000
3 1.00000 1.00000
23 1.00000 0.60870
8 1.00000 1.00000
11 1.00000 0.90909
21 1.00000 0.90476
6 1.00000 0.83333
6 1.00000 1.00000
34 1.00000 0.64706
11 1.00000 0.90909
11 1.00000 0.90909
11 1.00000 0.90909
11 1.00000 0.90909
11 1.00000 0.90909
6 1.00000 1.00000
43 1.00000 0.18605
28 1.00000 0.82143
27 1.00000 0.29630
23 1.00000 0.95652
9 1.00000 1.00000
8 0.88889 1.00000
7 0.77778 1.00000
3 1.00000 1.00000
18 0.94737 1.00000
5 1.00000 0.40000
12 1.00000 0.91667
41 1.00000 0.46341
18 1.00000 0.50000
11 1.00000 1.00000
8 1.00000 1.00000
3 1.00000 1.00000
14 1.00000 0.92857
7 1.00000 1.00000
11 1.00000 0.90909
18 1.00000 0.66667
17 0.80952 1.00000
5 1.00000 1.00000
4 1.00000 1.00000
3 1.00000 1.00000
7 1.00000 1.00000
16 1.00000 0.68750
6 1.00000 1.00000
47 1.00000 0.14894
30 1.00000 0.26667
15 1.00000 0.80000
42 1.00000 0.14286
12 1.00000 1.00000
4 1.00000 1.00000
34 1.00000 0.41176
18 1.00000 0.94444
6 1.00000 0.83333
4 1.00000 1.00000
20 0.85714 0.90000
20 0.85714 0.90000
20 0.85714 0.90000
8 1.00000 1.00000
8 1.00000 1.00000
26 0.94118 0.61538
7 1.00000 0.57143
6 1.00000 1.00000
4 1.00000 1.00000
4 1.00000 1.00000
3 1.00000 1.00000
91 0.96296 0.28571
27 1.00000 0.25926
10 1.00000 1.00000
12 1.00000 0.91667
17 1.00000 0.64706
3 1.00000 1.00000
3 1.00000 1.00000
9 1.00000 0.88889
3 1.00000 1.00000
17 1.00000 0.82353
11 0.84615 1.00000
22 1.00000 0.54545
11 1.00000 0.90909
21 0.95238 0.95238
17 1.00000 0.64706
14 0.87500 1.00000
17 1.00000 0.64706
5 1.00000 1.00000
32 1.00000 0.28125
13 1.00000 0.61538
32 1.00000 0.28125
13 1.00000 0.61538
8 1.00000 0.87500
3 1.00000 1.00000
6 1.00000 1.00000
3 1.00000 1.00000
11 1.00000 0.90909
9 1.00000 1.00000
9 1.00000 1.00000
5 1.00000 1.00000
4 1.00000 1.00000
4 1.00000 1.00000
7 1.00000 1.00000
6 0.85714 1.00000
39 0.86667 0.33333
11 1.00000 0.90909
3 1.00000 1.00000
9 1.00000 1.00000
9 1.00000 1.00000
8 0.88889 1.00000
5 1.00000 1.00000
6 0.85714 1.00000
90 1.00000 0.73333
16 1.00000 1.00000
26 1.00000 0.84615
25 1.00000 0.56000
10 1.00000 1.00000
9 0.90000 1.00000
8 1.00000 1.00000
9 1.00000 1.00000
4 1.00000 1.00000
4 1.00000 1.00000
3 1.00000 1.00000
34 1.00000 0.58824
9 1.00000 0.55556
8 0.88889 1.00000
22 1.00000 0.90909
8 1.00000 1.00000
3 1.00000 1.00000
3 1.00000 1.00000
21 1.00000 0.90476
14 1.00000 0.92857
25 1.00000 0.52000
4 1.00000 1.00000
25 1.00000 0.36000
25 1.00000 0.52000
22 1.00000 0.90909
4 1.00000 1.00000
56 1.00000 0.37500
14 1.00000 1.00000
33 1.00000 0.33333
14 1.00000 0.85714
9 1.00000 0.66667
7 1.00000 1.00000
33 0.91304 0.63636
20 1.00000 0.90000
6 1.00000 1.00000
6 1.00000 0.83333
41 1.00000 0.34146
20 1.00000 0.60000
18 1.00000 0.50000
9 1.00000 1.00000
5 1.00000 1.00000
9 1.00000 1.00000
4 1.00000 1.00000
11 1.00000 1.00000
10 0.90909 1.00000
10 1.00000 0.70000
14 0.93333 1.00000
3 1.00000 1.00000
5 1.00000 1.00000
25 1.00000 0.52000
22 1.00000 0.90909
6 0.85714 1.00000
3 1.00000 1.00000
8 1.00000 0.87500
6 0.85714 1.00000
5 1.00000 0.80000
23 1.00000 0.43478
9 1.00000 1.00000
8 1.00000 0.87500
8 1.00000 0.87500
8 1.00000 0.87500
8 1.00000 0.87500
8 1.00000 0.87500
8 1.00000 0.87500
8 1.00000 0.87500
8 1.00000 0.87500
8 1.00000 0.87500
6 1.00000 1.00000
36 1.00000 0.38889
30 1.00000 0.66667
15 1.00000 0.93333
13 1.00000 1.00000
10 1.00000 1.00000
54 1.00000 0.61111
35 1.00000 0.48571
9 1.00000 0.88889
45 1.00000 0.20000
11 1.00000 0.72727
8 1.00000 1.00000
7 1.00000 1.00000
11 1.00000 0.90909
11 1.00000 0.90909
12 0.92308 1.00000
6 0.85714 1.00000
10 0.71429 1.00000
9 1.00000 1.00000
42 1.00000 0.14286
13 1.00000 0.53846
12 1.00000 1.00000
8 0.88889 1.00000
8 1.00000 0.87500
7 0.63636 1.00000
4 1.00000 1.00000
6 1.00000 1.00000
117 0.95745 0.38462
19 0.69231 0.94737
18 0.91667 0.61111
10 1.00000 1.00000
31 1.00000 0.61290
4 1.00000 1.00000
3 1.00000 1.00000
15 1.00000 1.00000
7 1.00000 1.00000
8 1.00000 1.00000
7 1.00000 1.00000
4 1.00000 1.00000
7 1.00000 1.00000
5 1.00000 1.00000
6 1.00000 1.00000
3 1.00000 1.00000
20 1.00000 0.40000
17 1.00000 0.88235
16 1.00000 0.93750
16 1.00000 0.93750
8 1.00000 0.87500
5 1.00000 1.00000
4 1.00000 1.00000
3 1.00000 1.00000
3 1.00000 1.00000
44 0.95238 0.45455
30 1.00000 0.50000
27 1.00000 0.85185
16 1.00000 0.75000
16 1.00000 1.00000
32 1.00000 0.28125
6 1.00000 1.00000
6 1.00000 1.00000
15 1.00000 1.00000
28 1.00000 0.42857
17 1.00000 0.76471
3 1.00000 1.00000
3 1.00000 1.00000
5 1.00000 0.80000
20 0.95238 1.00000
18 1.00000 0.66667
16 0.76471 0.81250
3 1.00000 1.00000
4 1.00000 1.00000
10 1.00000 0.90000
52 1.00000 0.61538
7 1.00000 1.00000
52 1.00000 0.61538
7 1.00000 1.00000
25 1.00000 0.52000
22 1.00000 0.90909
30 0.93333 0.93333
6 1.00000 1.00000
13 1.00000 0.38462
12 1.00000 1.00000
10 0.90909 1.00000
8 0.88889 1.00000
8 1.00000 0.87500
7 0.63636 1.00000
4 1.00000 1.00000
13 1.00000 0.38462
12 1.00000 1.00000
10 0.90909 1.00000
8 0.88889 1.00000
8 1.00000 0.87500
7 0.63636 1.00000
4 1.00000 1.00000
4 1.00000 1.00000
7 1.00000 1.00000
3 1.00000 1.00000
8 0.88889 1.00000
6 1.00000 1.00000
9 1.00000 0.88889
3 1.00000 1.00000
3 1.00000 1.00000
42 1.00000 0.14286
13 0.81250 1.00000
12 1.00000 1.00000
7 0.63636 1.00000
9 1.00000 1.00000
3 1.00000 1.00000
8 1.00000 1.00000
3 1.00000 1.00000
7 1.00000 1.00000
3 1.00000 1.00000
42 1.00000 0.14286
13 1.00000 0.53846
12 1.00000 1.00000
9 0.81818 1.00000
8 1.00000 0.87500
4 1.00000 1.00000
15 0.92857 0.86667
3 1.00000 1.00000
10 1.00000 1.00000
10 1.00000 0.90000
7 1.00000 1.00000
19 1.00000 0.57895
6 1.00000 1.00000
5 1.00000 1.00000
3 1.00000 1.00000
8 1.00000 1.00000
4 1.00000 0.75000
10 1.00000 1.00000
11 1.00000 0.36364
8 1.00000 1.00000
8 1.00000 1.00000
22 1.00000 0.54545
16 0.84211 1.00000
8 1.00000 0.87500
18 0.94118 0.88889
52 1.00000 0.61538
45 1.00000 0.35556
34 1.00000 0.23529
8 1.00000 1.00000
7 1.00000 1.00000
7 1.00000 1.00000
6 1.00000 1.00000
66 1.00000 0.24242
35 1.00000 0.42857
6 1.00000 1.00000
34 1.00000 0.41176
18 1.00000 0.94444
4 1.00000 1.00000
8 1.00000 1.00000
7 1.00000 0.85714
8 1.00000 1.00000
7 1.00000 0.85714
3 1.00000 1.00000
4 1.00000 1.00000
16 0.88889 0.50000
10 1.00000 0.80000
9 1.00000 1.00000
7 1.00000 1.00000
6 0.85714 1.00000
5 1.00000 0.80000
4 1.00000 1.00000
4 1.00000 0.75000
7 1.00000 1.00000
52 1.00000 0.30769
41 0.88889 0.19512
26 0.90000 0.34615
14 0.92308 0.85714
12 0.92308 1.00000
11 1.00000 0.63636
7 1.00000 1.00000
5 1.00000 1.00000
9 1.00000 1.00000
6 1.00000 1.00000
5 1.00000 1.00000
4 1.00000 1.00000
6 1.00000 1.00000
6 1.00000 1.00000
6 1.00000 0.83333
138 0.97872 0.33333
72 1.00000 0.30556
47 0.85714 0.38298
20 1.00000 1.00000
14 0.87500 1.00000
10 1.00000 0.90000
3 1.00000 1.00000
3 1.00000 1.00000
6 1.00000 1.00000
24 1.00000 0.33333
14 1.00000 0.78571
9 0.81818 1.00000
5 1.00000 1.00000
13 0.81250 1.00000
10 0.76923 1.00000
7 0.87500 1.00000
5 1.00000 1.00000
3 1.00000 1.00000
3 1.00000 1.00000
29 0.56098 0.79310
27 0.92000 0.85185
12 0.85714 1.00000
8 0.88889 1.00000
6 1.00000 1.00000
9 1.00000 1.00000
6 1.00000 1.00000
5 1.00000 0.80000
7 1.00000 1.00000
6 1.00000 1.00000
5 1.00000 0.80000
33 1.00000 0.81818
3 1.00000 1.00000
7 1.00000 1.00000
7 1.00000 1.00000
6 1.00000 1.00000
6 0.85714 1.00000
62 1.00000 0.33871
24 1.00000 0.33333
19 0.71429 0.52632
8 1.00000 1.00000
8 1.00000 1.00000
5 1.00000 1.00000
33 1.00000 0.48485
7 0.87500 1.00000
3 1.00000 1.00000
8 1.00000 1.00000
8 1.00000 1.00000
6 1.00000 0.83333
24 0.92308 0.50000
37 0.94118 0.43243
12 1.00000 1.00000
9 1.00000 0.88889
6 1.00000 0.83333
6 1.00000 1.00000
5 1.00000 0.80000
71 1.00000 0.63380
21 1.00000 1.00000
11 1.00000 0.90909
9 1.00000 1.00000
7 1.00000 1.00000
6 1.00000 1.00000
3 1.00000 1.00000
7 1.00000 1.00000
4 1.00000 1.00000
7 1.00000 1.00000
4 1.00000 1.00000
3 1.00000 1.00000
28 1.00000 0.42857
17 1.00000 0.76471
9 0.75000 1.00000
19 1.00000 0.94737
14 1.00000 0.71429
6 1.00000 1.00000
5 1.00000 0.80000
18 1.00000 0.61111
6 1.00000 1.00000
3 1.00000 1.00000
27 0.65385 0.62963
17 0.94118 0.94118
14 1.00000 0.92857
9 1.00000 1.00000
7 0.87500 1.00000
33 1.00000 0.57576
16 1.00000 0.75000
10 1.00000 0.60000
8 1.00000 1.00000
8 1.00000 1.00000
12 0.85714 1.00000
20 1.00000 0.80000
20 1.00000 0.80000
9 1.00000 1.00000
6 1.00000 1.00000
5 1.00000 1.00000
4 1.00000 1.00000
3 1.00000 1.00000
3 1.00000 1.00000
20 1.00000 0.80000
20 1.00000 0.80000
13 0.81250 1.00000
12 1.00000 1.00000
7 1.00000 0.71429
42 1.00000 0.14286
12 1.00000 1.00000
7 0.63636 1.00000
7 1.00000 1.00000
25 1.00000 0.52000
34 1.00000 0.47059
11 1.00000 0.90909
3 1.00000 1.00000
8 1.00000 0.62500
3 1.00000 1.00000
25 1.00000 0.52000
22 1.00000 0.90909
6 1.00000 1.00000
35 1.00000 0.40000
26 0.94444 0.65385
24 1.00000 0.33333
14 1.00000 0.78571
9 0.81818 1.00000
5 1.00000 1.00000
9 0.90000 1.00000
9 0.90000 1.00000
8 1.00000 0.87500
7 1.00000 1.00000
6 1.00000 0.50000
6 1.00000 0.83333
14 0.92857 0.92857
13 1.00000 0.61538
7 1.00000 1.00000
4 1.00000 1.00000
36 1.00000 0.11111
20 1.00000 0.75000
7 1.00000 1.00000
3 1.00000 1.00000
6 1.00000 0.83333
5 1.00000 1.00000
5 1.00000 1.00000
3 1.00000 1.00000
16 1.00000 0.87500
14 1.00000 0.85714
11 1.00000 0.90909
9 1.00000 1.00000
9 0.90000 1.00000
8 1.00000 0.75000
7 1.00000 1.00000
6 1.00000 1.00000
5 1.00000 1.00000
3 1.00000 1.00000
3 1.00000 1.00000
25 1.00000 0.52000
22 1.00000 0.90909
8 1.00000 0.87500
8 1.00000 0.87500
8 1.00000 0.87500
9 1.00000 1.00000
9 1.00000 0.88889
9 0.81818 1.00000
9 1.00000 0.88889
9 0.81818 1.00000
7 1.00000 0.85714
7 1.00000 0.85714
4 1.00000 1.00000
3 1.00000 1.00000
18 1.00000 1.00000
15 1.00000 0.86667
4 1.00000 1.00000
26 0.86667 0.50000
4 1.00000 1.00000
3 1.00000 1.00000
6 1.00000 1.00000
4 1.00000 1.00000
3 1.00000 1.00000
26 1.00000 0.76923
18 1.00000 0.55556
16 1.00000 0.87500
12 1.00000 1.00000
12 1.00000 1.00000
11 1.00000 0.54545
8 1.00000 1.00000
6 0.85714 1.00000
4 1.00000 1.00000
3 1.00000 1.00000
6 1.00000 1.00000
5 1.00000 1.00000
6 1.00000 1.00000
5 1.00000 1.00000
15 1.00000 1.00000
47 1.00000 0.14894
28 1.00000 0.42857
5 1.00000 1.00000
3 1.00000 1.00000
10 1.00000 0.90000
3 1.00000 1.00000
3 1.00000 1.00000
10 1.00000 0.90000
3 1.00000 1.00000
3 1.00000 1.00000
17 1.00000 0.94118
4 1.00000 1.00000
17 1.00000 0.64706
3 1.00000 1.00000
23 1.00000 0.73913
19 0.82353 0.73684
14 1.00000 1.00000
10 1.00000 1.00000
9 1.00000 1.00000
6 1.00000 1.00000
14 0.82353 1.00000
9 0.90000 1.00000
6 1.00000 0.33333
34 1.00000 0.41176
27 1.00000 0.62963
17 1.00000 0.58824
31 0.95000 0.61290
14 0.87500 1.00000
3 1.00000 1.00000
11 1.00000 0.81818
11 1.00000 0.81818
15 1.00000 0.46667
12 0.80000 1.00000
10 1.00000 0.90000
3 1.00000 1.00000
34 0.85714 0.35294
5 1.00000 1.00000
6 1.00000 1.00000
3 1.00000 1.00000
3 1.00000 1.00000
4 1.00000 1.00000
13 1.00000 0.53846
3 1.00000 1.00000
3 1.00000 1.00000
3 1.00000 1.00000
3 1.00000 1.00000
4 1.00000 1.00000
4 1.00000 1.00000
13 1.00000 0.53846
11 1.00000 0.90909
9 1.00000 1.00000
4 1.00000 1.00000
3 1.00000 1.00000
3 1.00000 1.00000
13 1.00000 0.53846
6 1.00000 1.00000
6 1.00000 0.83333
5 1.00000 1.00000
4 1.00000 1.00000
4 1.00000 1.00000
3 1.00000 1.00000
3 1.00000 1.00000
52 1.00000 0.61538
34 1.00000 0.23529
25 1.00000 0.52000
8 1.00000 1.00000
7 1.00000 1.00000
3 1.00000 1.00000
3 1.00000 1.00000
11 1.00000 1.00000
14 0.73684 1.00000
10 1.00000 1.00000
7 1.00000 1.00000
15 0.93333 0.93333
4 1.00000 1.00000
3 1.00000 1.00000
58 1.00000 0.25862
12 1.00000 0.91667
6 1.00000 1.00000
8 1.00000 0.87500
8 1.00000 1.00000
47 1.00000 0.29787
7 1.00000 1.00000
3 1.00000 1.00000
8 1.00000 1.00000
3 1.00000 1.00000
7 0.63636 1.00000
5 1.00000 0.80000
4 1.00000 1.00000
52 1.00000 0.61538
43 0.87500 0.32558
37 1.00000 0.21622
7 1.00000 1.00000
7 1.00000 1.00000
6 1.00000 1.00000
3 1.00000 1.00000
31 0.95000 0.61290
21 0.59375 0.90476
14 0.87500 1.00000
3 1.00000 1.00000
11 1.00000 0.36364
32 1.00000 0.28125
8 1.00000 1.00000
32 1.00000 0.28125
8 1.00000 0.87500
4 1.00000 1.00000
6 0.85714 1.00000
6 0.85714 1.00000
11 1.00000 1.00000
6 1.00000 1.00000
94 1.00000 0.41489
66 1.00000 0.68182
32 1.00000 0.62500
24 0.88462 0.95833
17 0.69565 0.94118
11 0.73333 1.00000
9 1.00000 1.00000
8 1.00000 1.00000
13 1.00000 0.53846
3 1.00000 1.00000
7 1.00000 1.00000
3 1.00000 1.00000
7 1.00000 1.00000
3 1.00000 1.00000
6 1.00000 1.00000
3 1.00000 1.00000
3 1.00000 1.00000
26 1.00000 0.50000
10 1.00000 1.00000
8 0.66667 1.00000
11 1.00000 0.90909
6 0.85714 1.00000
7 0.87500 1.00000
3 1.00000 1.00000
8 1.00000 1.00000
4 1.00000 0.75000
4 1.00000 0.75000
14 0.58333 1.00000
8 0.88889 1.00000
15 0.93333 0.93333
6 1.00000 1.00000
29 0.56098 0.79310
27 0.92000 0.85185
12 0.85714 1.00000
8 0.88889 1.00000
6 1.00000 1.00000
10 1.00000 1.00000
8 1.00000 1.00000
7 0.87500 1.00000
8 1.00000 1.00000
7 0.87500 1.00000
25 1.00000 0.52000
22 1.00000 0.90909
8 1.00000 0.62500
14 0.66667 1.00000
10 1.00000 1.00000
13 1.00000 0.53846
12 1.00000 1.00000
11 1.00000 1.00000
8 1.00000 1.00000
6 1.00000 1.00000
3 1.00000 1.00000
31 0.60976 0.80645
19 0.94118 0.84211
16 1.00000 0.87500
11 1.00000 1.00000
11 1.00000 0.81818
8 0.88889 1.00000
12 1.00000 1.00000
4 1.00000 1.00000
4 1.00000 1.00000
11 1.00000 0.90909
13 1.00000 1.00000
11 1.00000 0.90909
11 1.00000 0.90909
10 1.00000 0.90000
8 1.00000 1.00000
8 1.00000 1.00000
7 1.00000 1.00000
6 0.85714 1.00000
6 1.00000 1.00000
5 1.00000 1.00000
4 1.00000 1.00000
3 1.00000 1.00000
3 1.00000 1.00000
6 0.85714 1.00000
6 0.85714 1.00000
20 1.00000 0.70000
12 1.00000 0.91667
7 1.00000 1.00000
6 1.00000 1.00000
3 1.00000 1.00000
43 1.00000 0.37209
10 0.90909 1.00000
51 1.00000 0.07843
13 0.81250 1.00000
11 1.00000 1.00000
4 1.00000 1.00000
14 1.00000 0.92857
11 0.90909 0.90909
8 0.88889 1.00000
7 0.77778 1.00000
3 1.00000 1.00000
17 1.00000 0.47059
16 0.93333 0.87500
14 1.00000 0.92857
10 1.00000 1.00000
9 1.00000 1.00000
7 0.87500 1.00000
20 1.00000 0.85000
19 1.00000 0.89474
11 1.00000 0.90909
7 1.00000 1.00000
20 1.00000 0.85000
19 1.00000 0.89474
11 1.00000 0.90909
3 1.00000 1.00000
3 1.00000 1.00000
3 1.00000 1.00000
3 1.00000 1.00000
3 1.00000 1.00000
3 1.00000 1.00000
3 1.00000 1.00000
3 1.00000 1.00000
3 1.00000 1.00000
17 1.00000 0.88235
16 1.00000 0.87500
7 1.00000 1.00000
7 1.00000 1.00000
7 1.00000 1.00000
6 1.00000 1.00000
6 1.00000 0.83333
3 1.00000 1.00000
6 1.00000 1.00000
3 1.00000 1.00000
5 1.00000 1.00000
6 1.00000 1.00000
4 1.00000 1.00000
4 1.00000 1.00000
5 1.00000 1.00000
6 0.85714 1.00000
5 1.00000 1.00000
3 1.00000 1.00000
5 1.00000 1.00000
3 1.00000 1.00000
9 1.00000 1.00000
3 1.00000 1.00000
20 1.00000 0.80000
10 1.00000 0.90000
8 1.00000 0.87500
4 1.00000 1.00000
4 1.00000 1.00000
20 1.00000 0.80000
10 1.00000 0.90000
8 1.00000 0.87500
4 1.00000 1.00000
6 1.00000 0.33333
7 1.00000 1.00000
6 1.00000 1.00000
36 0.90476 0.52778
11 1.00000 0.36364
26 1.00000 0.76923
12 1.00000 0.91667
11 1.00000 1.00000
10 1.00000 1.00000
8 1.00000 1.00000
7 1.00000 1.00000
7 1.00000 1.00000
41 1.00000 0.17073
7 0.87500 1.00000
6 1.00000 1.00000
3 1.00000 1.00000
3 1.00000 1.00000
6 1.00000 1.00000
4 1.00000 1.00000
3 1.00000 1.00000
60 0.95238 0.33333
21 0.95238 0.95238
3 1.00000 1.00000
27 0.96429 1.00000
23 1.00000 0.95652
7 1.00000 1.00000
6 1.00000 0.83333
9 0.90000 1.00000
4 1.00000 1.00000
3 1.00000 1.00000
3 1.00000 1.00000
3 1.00000 1.00000
3 1.00000 1.00000
10 0.90909 1.00000
10 0.90909 1.00000
10 0.90909 1.00000
10 0.90909 1.00000
10 0.90909 1.00000
10 0.90909 1.00000
23 0.88889 0.34783
18 1.00000 1.00000
14 1.00000 1.00000
8 1.00000 0.87500
8 1.00000 1.00000
20 1.00000 0.85000
19 1.00000 0.89474
11 1.00000 0.90909
3 1.00000 1.00000
3 1.00000 1.00000
8 1.00000 1.00000
8 1.00000 1.00000
3 1.00000 1.00000
6 1.00000 1.00000
3 1.00000 1.00000
5 1.00000 1.00000
4 1.00000 1.00000
20 1.00000 0.85000
19 1.00000 0.89474
11 1.00000 0.90909
14 0.85714 0.85714
6 1.00000 1.00000
28 1.00000 0.46429
36 1.00000 0.33333
14 0.92857 0.92857
11 1.00000 0.81818
8 1.00000 1.00000
6 1.00000 1.00000
6 1.00000 0.33333
3 1.00000 1.00000
3 1.00000 1.00000
7 1.00000 1.00000
9 1.00000 1.00000
7 1.00000 1.00000
6 1.00000 1.00000
3 1.00000 1.00000
3 1.00000 1.00000
3 1.00000 1.00000
3 1.00000 1.00000
14 1.00000 1.00000
7 1.00000 1.00000
5 1.00000 1.00000
3 1.00000 1.00000
5 1.00000 1.00000
6 0.85714 1.00000
9 1.00000 1.00000
4 1.00000 0.75000
4 1.00000 1.00000
8 1.00000 1.00000
5 1.00000 1.00000
12 0.85714 1.00000
12 1.00000 1.00000
10 1.00000 0.90000
9 0.90000 1.00000
14 0.85714 0.85714
10 0.90909 1.00000
10 0.90909 1.00000
20 1.00000 0.65000
10 1.00000 0.90000
20 1.00000 0.65000
10 1.00000 0.90000
10 0.90909 1.00000
6 1.00000 1.00000
7 0.87500 1.00000
3 1.00000 1.00000
8 1.00000 0.87500
3 1.00000 1.00000
3 1.00000 1.00000
7 0.87500 1.00000
8 1.00000 1.00000
8 1.00000 1.00000
18 1.00000 0.77778
12 1.00000 1.00000
11 1.00000 1.00000
5 1.00000 0.80000
3 1.00000 1.00000
13 1.00000 0.53846
13 0.81250 1.00000
12 1.00000 1.00000
12 0.80000 0.33333
8 1.00000 0.87500
4 1.00000 1.00000
14 0.66667 1.00000
14 1.00000 0.92857
11 1.00000 0.90909
11 0.85714 0.54545
3 1.00000 1.00000
3 1.00000 1.00000
5 1.00000 1.00000
3 1.00000 1.00000
27 1.00000 0.37037
26 1.00000 0.46154
8 1.00000 1.00000
7 1.00000 1.00000
7 1.00000 1.00000
6 1.00000 1.00000
6 1.00000 1.00000
5 0.71429 1.00000
4 1.00000 1.00000
4 1.00000 1.00000
3 1.00000 1.00000
3 1.00000 1.00000
3 1.00000 1.00000
5 1.00000 1.00000
3 1.00000 1.00000
14 0.90000 0.64286
3 1.00000 1.00000
15 1.00000 0.80000
7 1.00000 0.42857
25 1.00000 0.52000
3 1.00000 1.00000
8 1.00000 0.87500
5 1.00000 1.00000
4 1.00000 0.75000
3 1.00000 1.00000
3 1.00000 1.00000
3 1.00000 1.00000
3 1.00000 1.00000
18 1.00000 0.77778
12 1.00000 1.00000
11 1.00000 1.00000
5 1.00000 0.80000
3 1.00000 1.00000
6 1.00000 1.00000
3 1.00000 1.00000
3 1.00000 1.00000
3 1.00000 1.00000
3 1.00000 1.00000
17 1.00000 0.88235
13 0.92857 1.00000
14 1.00000 1.00000
7 1.00000 1.00000
5 1.00000 1.00000
9 1.00000 1.00000
3 1.00000 1.00000
3 1.00000 1.00000
34 1.00000 0.64706
46 1.00000 0.19565
32 1.00000 0.40625
18 1.00000 0.94444
5 1.00000 1.00000
3 1.00000 1.00000
3 1.00000 1.00000
6 1.00000 1.00000
6 1.00000 1.00000
6 1.00000 1.00000
6 1.00000 1.00000
5 1.00000 1.00000
8 1.00000 1.00000
3 1.00000 1.00000
9 1.00000 0.88889
3 1.00000 1.00000
3 1.00000 1.00000
9 0.90000 1.00000
6 1.00000 0.66667
3 1.00000 1.00000
4 1.00000 1.00000
4 1.00000 1.00000
32 1.00000 0.28125
5 1.00000 0.80000
8 1.00000 1.00000
7 0.87500 1.00000
6 1.00000 0.83333
5 1.00000 1.00000
96 1.00000 0.06250
13 0.81250 1.00000
7 1.00000 1.00000
4 1.00000 1.00000
4 1.00000 1.00000
3 1.00000 1.00000
7 1.00000 1.00000
11 1.00000 0.81818
8 1.00000 1.00000
7 1.00000 0.85714
69 1.00000 0.21739
25 1.00000 0.84000
22 1.00000 0.36364
16 1.00000 0.87500
12 1.00000 1.00000
10 1.00000 0.90000
9 1.00000 1.00000
7 1.00000 1.00000
6 1.00000 0.83333
4 1.00000 1.00000
3 1.00000 1.00000
3 1.00000 1.00000
3 1.00000 1.00000
6 1.00000 1.00000
17 1.00000 0.64706
5 1.00000 1.00000
3 1.00000 1.00000
28 0.93750 0.53571
21 1.00000 0.90476
9 1.00000 0.88889
3 1.00000 1.00000
52 1.00000 0.61538
45 1.00000 0.35556
37 1.00000 0.21622
25 1.00000 0.52000
7 1.00000 1.00000
7 1.00000 1.00000
6 1.00000 1.00000
3 1.00000 1.00000
25 1.00000 0.84000
13 1.00000 0.53846
8 1.00000 0.75000
3 1.00000 1.00000
3 1.00000 1.00000
3 1.00000 1.00000
3 1.00000 1.00000
3 1.00000 1.00000
11 1.00000 0.90909
8 1.00000 1.00000
7 0.87500 1.00000
6 1.00000 0.83333
11 0.90909 0.90909
4 1.00000 1.00000
6 1.00000 1.00000
62 0.82353 0.45161
55 0.84615 0.20000
4 1.00000 1.00000
6 1.00000 1.00000
3 1.00000 1.00000
3 1.00000 1.00000
47 0.96774 0.63830
27 1.00000 0.25926
15 1.00000 1.00000
14 0.86667 0.92857
11 1.00000 1.00000
11 1.00000 0.81818
4 1.00000 1.00000
22 1.00000 0.72727
13 1.00000 0.53846
13 0.81250 1.00000
12 1.00000 1.00000
4 1.00000 1.00000
3 1.00000 1.00000
7 1.00000 1.00000
5 1.00000 1.00000
3 1.00000 1.00000
4 1.00000 1.00000
3 1.00000 1.00000
7 1.00000 0.85714
3 1.00000 1.00000
6 1.00000 1.00000
3 1.00000 1.00000
3 1.00000 1.00000
3 1.00000 1.00000
5 1.00000 1.00000
51 0.82000 0.80392
12 0.78571 0.91667
4 1.00000 1.00000
15 0.92857 0.86667
7 1.00000 1.00000
3 1.00000 1.00000
7 1.00000 0.85714
11 0.90909 0.90909
4 1.00000 1.00000
3 1.00000 1.00000
49 1.00000 0.34694
27 0.94444 0.62963
25 1.00000 0.32000
16 1.00000 0.50000
14 1.00000 0.78571
10 0.90909 1.00000
7 1.00000 1.00000
3 1.00000 1.00000
154 0.96970 0.41558
118 0.97872 0.38983
81 0.94872 0.45679
35 1.00000 0.48571
30 1.00000 0.66667
25 0.92308 0.96000
21 0.95238 0.95238
21 1.00000 0.85714
18 1.00000 0.88889
10 1.00000 1.00000
10 1.00000 1.00000
16 1.00000 0.87500
14 1.00000 0.85714
11 1.00000 0.90909
9 1.00000 1.00000
9 0.90000 1.00000
8 1.00000 0.75000
7 1.00000 1.00000
6 1.00000 1.00000
5 1.00000 1.00000
4 1.00000 1.00000
7 1.00000 1.00000
20 1.00000 0.35000
16 1.00000 1.00000
14 1.00000 0.50000
12 1.00000 1.00000
12 1.00000 1.00000
11 1.00000 0.81818
7 0.63636 1.00000
4 1.00000 1.00000
8 1.00000 1.00000
5 1.00000 1.00000
39 0.68182 0.38462
36 1.00000 0.50000
36 1.00000 0.69444
19 0.94118 0.84211
6 1.00000 1.00000
9 1.00000 0.88889
7 1.00000 1.00000
3 1.00000 1.00000
3 1.00000 1.00000
9 1.00000 0.55556
3 1.00000 1.00000
11 1.00000 0.90909
7 1.00000 1.00000
4 1.00000 1.00000
68 1.00000 0.30882
25 1.00000 0.32000
19 1.00000 0.57895
17 1.00000 0.82353
7 1.00000 1.00000
4 1.00000 1.00000
25 1.00000 0.40000
7 1.00000 0.57143
6 1.00000 0.50000
6 1.00000 1.00000
5 1.00000 1.00000
5 1.00000 1.00000
5 1.00000 0.80000
3 1.00000 1.00000
52 1.00000 0.61538
11 1.00000 0.90909
7 1.00000 1.00000
13 1.00000 1.00000
12 1.00000 0.66667
11 1.00000 0.90909
10 1.00000 0.90000
9 1.00000 1.00000
9 1.00000 1.00000
8 1.00000 1.00000
8 1.00000 1.00000
8 1.00000 1.00000
7 1.00000 1.00000
6 1.00000 1.00000
6 1.00000 1.00000
6 1.00000 0.83333
6 1.00000 1.00000
5 1.00000 1.00000
5 1.00000 1.00000
5 1.00000 0.80000
4 1.00000 1.00000
3 1.00000 1.00000
9 1.00000 1.00000
7 1.00000 0.85714
3 1.00000 1.00000
8 1.00000 1.00000
10 0.90000 0.90000
3 1.00000 1.00000
7 1.00000 1.00000
3 1.00000 1.00000
3 1.00000 1.00000
11 1.00000 1.00000
83 1.00000 0.40964
55 0.84615 0.20000
16 1.00000 0.68750
3 1.00000 1.00000
3 1.00000 1.00000
6 1.00000 0.33333
7 1.00000 1.00000
10 1.00000 1.00000
5 1.00000 1.00000
4 1.00000 1.00000
4 1.00000 1.00000
10 1.00000 1.00000
5 1.00000 1.00000
4 1.00000 1.00000
4 1.00000 1.00000
3 1.00000 1.00000
41 0.86364 0.46341
25 0.84615 0.88000
23 0.88000 0.95652
11 1.00000 0.54545
15 1.00000 0.46667
21 1.00000 0.80952
3 1.00000 1.00000
108 1.00000 0.09259
32 0.94444 0.53125
17 1.00000 1.00000
9 1.00000 1.00000
8 0.88889 1.00000
7 1.00000 0.42857
8 1.00000 1.00000
5 1.00000 1.00000
3 1.00000 1.00000
3 1.00000 1.00000
3 1.00000 1.00000
3 1.00000 1.00000
3 1.00000 1.00000
34 1.00000 0.38235
4 1.00000 1.00000
3 1.00000 1.00000
6 1.00000 0.33333
3 1.00000 1.00000
3 1.00000 1.00000
13 1.00000 1.00000
11 1.00000 1.00000
11 1.00000 0.90909
10 1.00000 0.90000
9 1.00000 1.00000
9 1.00000 1.00000
8 1.00000 1.00000
8 1.00000 1.00000
8 1.00000 1.00000
7 1.00000 1.00000
6 1.00000 1.00000
6 1.00000 1.00000
6 1.00000 1.00000
6 1.00000 0.83333
6 1.00000 1.00000
5 1.00000 1.00000
5 1.00000 0.80000
4 1.00000 1.00000
3 1.00000 1.00000
3 1.00000 1.00000
33 1.00000 0.42424
20 1.00000 0.60000
20 1.00000 0.35000
16 1.00000 1.00000
13 1.00000 0.53846
13 1.00000 0.38462
11 1.00000 1.00000
11 1.00000 0.81818
11 1.00000 0.81818
10 0.90909 1.00000
5 1.00000 1.00000
5 1.00000 1.00000
4 1.00000 1.00000
36 1.00000 0.33333
35 1.00000 0.25714
33 1.00000 0.75758
32 1.00000 0.28125
30 0.58537 0.80000
19 0.94118 0.84211
14 0.92857 0.92857
13 1.00000 0.61538
11 1.00000 0.81818
11 1.00000 0.81818
8 0.88889 1.00000
6 1.00000 1.00000
21 0.95238 0.95238
3 1.00000 1.00000
6 1.00000 0.83333
6 1.00000 0.33333
5 1.00000 1.00000
3 1.00000 1.00000
18 0.94118 0.88889
11 1.00000 0.90909
18 1.00000 0.88889
4 1.00000 1.00000
11 1.00000 0.90909
10 1.00000 1.00000
6 1.00000 1.00000
5 0.71429 1.00000
5 1.00000 1.00000
5 1.00000 1.00000
4 1.00000 1.00000
4 1.00000 1.00000
3 1.00000 1.00000
4 1.00000 0.75000
4 1.00000 1.00000
52 1.00000 0.61538
7 1.00000 1.00000
68 1.00000 0.30882
25 1.00000 0.56000
25 1.00000 0.32000
19 1.00000 0.57895
17 1.00000 0.82353
10 1.00000 1.00000
8 1.00000 1.00000
7 1.00000 1.00000
4 1.00000 1.00000
10 1.00000 0.50000
9 1.00000 1.00000
6 1.00000 0.83333
5 1.00000 0.80000
4 1.00000 1.00000
3 1.00000 1.00000
3 1.00000 1.00000
4 1.00000 0.75000
3 1.00000 1.00000
31 1.00000 0.61290
11 1.00000 1.00000
6 1.00000 0.83333
3 1.00000 1.00000
4 1.00000 1.00000
43 1.00000 0.37209
7 1.00000 1.00000
9 1.00000 1.00000
8 1.00000 1.00000
7 1.00000 0.85714
4 1.00000 1.00000
4 1.00000 1.00000
3 1.00000 1.00000
3 1.00000 1.00000
6 1.00000 1.00000
6 1.00000 1.00000
6 1.00000 1.00000
6 1.00000 1.00000
6 1.00000 1.00000
6 1.00000 1.00000
7 1.00000 1.00000
5 0.71429 1.00000
5 1.00000 1.00000
4 1.00000 1.00000
3 1.00000 1.00000
3 1.00000 1.00000
9 1.00000 1.00000
25 1.00000 0.52000
3 1.00000 1.00000
27 0.90476 0.70370
3 1.00000 1.00000
21 0.89474 0.80952
12 1.00000 0.91667
6 0.85714 1.00000
9 1.00000 1.00000
43 1.00000 0.37209
13 0.72727 0.61538
12 1.00000 0.58333
10 0.90909 1.00000
3 1.00000 1.00000
6 1.00000 1.00000
27 0.90476 0.70370
3 1.00000 1.00000
113 1.00000 0.37168
94 1.00000 0.41489
32 1.00000 0.62500
24 0.88462 0.95833
17 0.69565 0.94118
12 0.85714 1.00000
9 1.00000 1.00000
8 1.00000 1.00000
8 1.00000 1.00000
3 1.00000 1.00000
3 1.00000 1.00000
4 1.00000 1.00000
19 1.00000 1.00000
10 1.00000 1.00000
7 0.87500 1.00000
3 1.00000 1.00000
6 1.00000 1.00000
6 1.00000 1.00000
6 1.00000 1.00000
7 1.00000 0.85714
7 1.00000 0.85714
3 1.00000 1.00000
28 0.93333 0.50000
9 0.90000 1.00000
7 1.00000 1.00000
6 1.00000 1.00000
6 0.85714 1.00000
5 1.00000 1.00000
3 1.00000 1.00000
3 1.00000 1.00000
4 1.00000 1.00000
26 1.00000 0.65385
7 1.00000 0.57143
6 1.00000 0.50000
5 1.00000 1.00000
5 1.00000 1.00000
5 1.00000 0.80000
4 1.00000 1.00000
3 1.00000 1.00000
21 0.89474 0.80952
12 1.00000 0.91667
6 0.85714 1.00000
3 1.00000 1.00000
3 1.00000 1.00000
3 1.00000 1.00000
3 1.00000 1.00000
3 1.00000 1.00000
3 1.00000 1.00000
6 1.00000 0.83333
3 1.00000 1.00000
3 1.00000 1.00000
69 1.00000 0.21739
25 1.00000 0.84000
17 1.00000 0.82353
12 1.00000 1.00000
9 1.00000 1.00000
7 1.00000 1.00000
6 1.00000 0.83333
4 1.00000 1.00000
3 1.00000 1.00000
3 1.00000 1.00000
3 1.00000 1.00000
34 1.00000 0.64706
6 1.00000 1.00000
3 1.00000 1.00000
3 1.00000 1.00000
3 1.00000 1.00000
6 0.85714 1.00000
5 1.00000 0.80000
8 1.00000 0.87500
8 1.00000 1.00000
6 0.85714 1.00000
3 1.00000 1.00000
3 1.00000 1.00000
6 1.00000 0.50000
3 1.00000 1.00000
3 1.00000 1.00000
3 1.00000 1.00000
4 1.00000 1.00000
4 1.00000 1.00000
3 1.00000 1.00000
3 1.00000 1.00000
3 1.00000 1.00000
5 1.00000 1.00000
4 1.00000 1.00000
10 0.90909 1.00000
8 1.00000 0.87500
8 1.00000 1.00000
6 0.85714 1.00000
3 1.00000 1.00000
3 1.00000 1.00000
6 1.00000 1.00000
143 0.96552 0.19580
97 1.00000 0.20619
32 1.00000 0.53125
15 1.00000 1.00000
13 1.00000 0.53846
12 1.00000 0.91667
10 1.00000 1.00000
9 1.00000 1.00000
9 1.00000 0.77778
9 1.00000 1.00000
8 1.00000 1.00000
7 1.00000 0.85714
7 1.00000 1.00000
6 0.85714 1.00000
6 0.85714 1.00000
17 1.00000 0.64706
3 1.00000 1.00000
6 0.85714 1.00000
3 1.00000 1.00000
6 0.85714 1.00000
3 1.00000 1.00000
8 1.00000 0.50000
4 1.00000 1.00000
32 1.00000 0.43750
28 1.00000 0.64286
8 1.00000 1.00000
3 1.00000 1.00000
3 1.00000 1.00000
7 1.00000 1.00000
3 1.00000 1.00000
7 1.00000 1.00000
3 1.00000 1.00000
85 1.00000 0.40000
60 0.93333 0.23333
55 0.84615 0.20000
9 1.00000 1.00000
4 1.00000 1.00000
14 1.00000 0.85714
13 1.00000 0.92308
10 1.00000 1.00000
10 1.00000 0.90000
10 1.00000 0.70000
8 1.00000 0.75000
7 1.00000 1.00000
7 1.00000 1.00000
6 1.00000 1.00000
6 1.00000 1.00000
4 1.00000 1.00000
3 1.00000 1.00000
3 1.00000 1.00000
3 1.00000 1.00000
3 1.00000 1.00000
3 1.00000 1.00000
23 1.00000 0.56522
13 1.00000 0.53846
12 1.00000 0.83333
11 1.00000 0.81818
6 1.00000 1.00000
5 1.00000 0.80000
3 1.00000 1.00000
69 1.00000 0.21739
25 1.00000 0.84000
17 1.00000 0.82353
12 1.00000 1.00000
10 1.00000 0.90000
9 1.00000 1.00000
9 1.00000 0.88889
7 1.00000 1.00000
6 1.00000 0.83333
3 1.00000 1.00000
3 1.00000 1.00000
3 1.00000 1.00000
3 1.00000 1.00000
3 1.00000 1.00000
3 1.00000 1.00000
3 1.00000 1.00000
4 1.00000 1.00000
76 1.00000 0.30263
27 0.90000 0.33333
9 1.00000 0.88889
4 1.00000 0.75000
6 1.00000 0.83333
107 1.00000 0.09346
13 0.81250 1.00000
8 1.00000 1.00000
7 1.00000 1.00000
107 1.00000 0.09346
13 0.81250 1.00000
8 1.00000 1.00000
7 1.00000 1.00000
19 1.00000 1.00000
10 1.00000 1.00000
7 0.63636 1.00000
7 0.87500 1.00000
3 1.00000 1.00000
37 1.00000 0.48649
36 1.00000 0.69444
20 1.00000 0.65000
11 1.00000 0.81818
10 1.00000 0.90000
6 1.00000 1.00000
6 1.00000 1.00000
3 1.00000 1.00000
3 1.00000 1.00000
6 1.00000 1.00000
4 1.00000 1.00000
4 1.00000 1.00000
6 1.00000 1.00000
5 1.00000 1.00000
6 1.00000 1.00000
5 1.00000 1.00000
6 1.00000 1.00000
6 1.00000 1.00000
6 1.00000 1.00000
16 1.00000 0.68750
13 1.00000 0.46154
12 1.00000 0.58333
11 1.00000 1.00000
10 0.90909 1.00000
6 1.00000 1.00000
4 1.00000 0.75000
3 1.00000 1.00000
3 1.00000 1.00000
13 0.92857 1.00000
13 1.00000 1.00000
10 1.00000 0.90000
8 1.00000 1.00000
7 1.00000 0.57143
7 1.00000 0.85714
6 1.00000 0.50000
6 1.00000 1.00000
6 1.00000 1.00000
5 1.00000 0.80000
4 1.00000 1.00000
4 1.00000 1.00000
4 1.00000 1.00000
3 1.00000 1.00000
3 1.00000 1.00000
17 1.00000 0.64706
16 1.00000 0.87500
10 1.00000 1.00000
9 1.00000 1.00000
9 0.90000 1.00000
8 1.00000 0.75000
6 1.00000 1.00000
5 1.00000 1.00000
5 1.00000 1.00000
3 1.00000 1.00000
3 1.00000 1.00000
3 1.00000 1.00000
3 1.00000 1.00000
10 1.00000 0.50000
10 1.00000 1.00000
5 1.00000 0.80000
14 0.85714 0.85714
15 1.00000 0.93333
5 1.00000 1.00000
4 1.00000 1.00000
9 1.00000 1.00000
11 1.00000 1.00000
8 1.00000 0.87500
6 1.00000 1.00000
5 1.00000 1.00000
3 1.00000 1.00000
3 1.00000 1.00000
3 1.00000 1.00000
3 1.00000 1.00000
3 1.00000 1.00000
6 1.00000 1.00000
9 1.00000 0.77778
5 1.00000 1.00000
3 1.00000 1.00000
3 1.00000 1.00000
5 1.00000 1.00000
3 1.00000 1.00000
3 1.00000 1.00000
3 1.00000 1.00000
14 0.58333 1.00000
6 1.00000 1.00000
49 0.84211 0.32653
43 0.85714 0.13953
41 1.00000 0.09756
11 0.68750 1.00000
9 1.00000 1.00000
8 0.80000 1.00000
66 0.88095 0.56061
45 1.00000 0.31111
41 0.90323 0.68293
21 0.91667 0.52381
21 1.00000 0.61905
10 1.00000 1.00000
7 1.00000 1.00000
4 1.00000 1.00000
4 1.00000 1.00000
3 1.00000 1.00000
62 1.00000 0.33871
24 1.00000 0.33333
11 1.00000 1.00000
8 1.00000 1.00000
6 1.00000 1.00000
5 1.00000 1.00000
4 1.00000 1.00000
3 1.00000 1.00000
3 1.00000 1.00000
8 1.00000 1.00000
8 1.00000 1.00000
4 1.00000 0.75000
4 1.00000 0.75000
4 1.00000 1.00000
3 1.00000 1.00000
18 1.00000 0.61111
6 1.00000 1.00000
26 1.00000 0.11538
3 1.00000 1.00000
28 1.00000 0.25000
17 1.00000 0.70588
15 1.00000 0.80000
11 0.91667 1.00000
6 1.00000 1.00000
6 1.00000 0.33333
7 1.00000 0.85714
4 1.00000 1.00000
28 1.00000 0.82143
25 1.00000 0.60000
13 1.00000 0.92308
11 1.00000 1.00000
10 0.83333 1.00000
8 1.00000 1.00000
7 1.00000 1.00000
6 1.00000 1.00000
28 1.00000 0.82143
25 1.00000 0.60000
13 1.00000 0.92308
11 1.00000 1.00000
10 0.83333 1.00000
8 1.00000 1.00000
7 1.00000 1.00000
6 1.00000 1.00000
36 1.00000 0.47222
8 1.00000 0.87500
11 1.00000 0.90909
10 1.00000 0.70000
8 1.00000 1.00000
5 1.00000 1.00000
10 0.90909 1.00000
3 1.00000 1.00000
11 1.00000 0.90909
10 1.00000 1.00000
8 1.00000 1.00000
7 1.00000 0.57143
6 1.00000 1.00000
6 1.00000 0.83333
5 0.71429 1.00000
5 1.00000 1.00000
4 1.00000 1.00000
4 1.00000 1.00000
4 1.00000 1.00000
4 1.00000 1.00000
3 1.00000 1.00000
21 0.95238 0.95238
3 1.00000 1.00000
34 0.95652 0.64706
16 1.00000 0.75000
16 1.00000 1.00000
14 1.00000 0.57143
13 1.00000 0.92308
13 1.00000 0.69231
11 1.00000 1.00000
10 1.00000 0.80000
8 1.00000 0.50000
8 0.88889 1.00000
6 1.00000 0.33333
6 1.00000 1.00000
5 1.00000 1.00000
4 1.00000 1.00000
4 1.00000 0.75000
3 1.00000 1.00000
3 1.00000 1.00000
7 1.00000 1.00000
3 1.00000 1.00000
9 0.81818 1.00000
4 1.00000 1.00000
3 1.00000 1.00000
26 0.86667 0.50000
49 1.00000 0.34694
47 1.00000 0.19149
35 1.00000 0.40000
34 1.00000 0.41176
27 1.00000 0.62963
27 0.94444 0.62963
25 1.00000 0.32000
17 1.00000 0.58824
14 1.00000 0.78571
10 0.90909 1.00000
5 1.00000 1.00000
16 1.00000 0.87500
13 1.00000 1.00000
11 1.00000 1.00000
10 0.83333 1.00000
7 1.00000 1.00000
7 1.00000 0.71429
6 1.00000 1.00000
4 1.00000 0.75000
3 1.00000 1.00000
3 1.00000 1.00000
29 0.56098 0.79310
27 0.92000 0.85185
20 1.00000 0.80000
12 0.85714 1.00000
11 1.00000 0.81818
10 1.00000 0.90000
8 0.88889 1.00000
8 1.00000 0.87500
6 1.00000 1.00000
4 1.00000 1.00000
39 0.86667 0.33333
34 1.00000 0.41176
20 1.00000 0.60000
20 1.00000 0.35000
16 1.00000 1.00000
14 1.00000 0.50000
13 1.00000 0.38462
11 1.00000 1.00000
11 1.00000 0.81818
11 1.00000 0.81818
5 1.00000 1.00000
5 1.00000 1.00000
4 1.00000 1.00000
9 1.00000 1.00000
5 1.00000 1.00000
4 1.00000 1.00000
4 1.00000 1.00000
4 1.00000 0.75000
4 1.00000 1.00000
3 1.00000 1.00000
3 1.00000 1.00000
11 1.00000 0.81818
5 1.00000 0.80000
8 1.00000 1.00000
4 1.00000 1.00000
7 1.00000 1.00000
14 1.00000 1.00000
6 1.00000 0.83333
11 1.00000 1.00000
8 0.88889 1.00000
3 1.00000 1.00000
15 1.00000 0.53333
4 1.00000 1.00000
8 1.00000 1.00000
4 1.00000 1.00000
8 1.00000 1.00000
6 0.85714 1.00000
6 1.00000 0.83333
10 0.90909 1.00000
8 1.00000 1.00000
7 0.87500 1.00000
6 0.85714 1.00000
6 1.00000 0.83333
3 1.00000 1.00000
25 1.00000 0.76000
7 1.00000 1.00000
7 1.00000 0.71429
3 1.00000 1.00000
3 1.00000 1.00000
7 1.00000 1.00000
10 0.90909 1.00000
3 1.00000 1.00000
11 1.00000 0.90909
34 1.00000 0.41176
31 1.00000 0.58065
14 1.00000 0.64286
8 1.00000 1.00000
3 1.00000 1.00000
3 1.00000 1.00000
46 0.79592 0.84783
21 1.00000 0.90476
11 0.91667 1.00000
10 1.00000 1.00000
6 1.00000 1.00000
16 1.00000 1.00000
4 1.00000 1.00000
8 1.00000 1.00000
4 1.00000 0.75000
4 1.00000 0.75000
4 1.00000 1.00000
3 1.00000 1.00000
32 1.00000 0.28125
11 1.00000 1.00000
5 1.00000 0.80000
4 1.00000 1.00000
4 1.00000 0.75000
28 0.93333 0.50000
13 1.00000 0.53846
10 1.00000 0.90000
8 1.00000 1.00000
8 1.00000 0.62500
7 1.00000 0.85714
6 1.00000 1.00000
6 1.00000 0.83333
6 0.85714 1.00000
5 1.00000 1.00000
5 1.00000 1.00000
4 1.00000 1.00000
4 1.00000 1.00000
4 1.00000 1.00000
3 1.00000 1.00000
3 1.00000 1.00000
3 1.00000 1.00000
10 1.00000 1.00000
5 1.00000 1.00000
3 1.00000 1.00000
139 0.97872 0.33094
96 1.00000 0.27083
72 1.00000 0.30556
61 0.98000 0.80328
50 1.00000 0.16000
47 0.85714 0.38298
45 0.88235 0.33333
33 0.93333 0.84848
30 1.00000 0.33333
28 1.00000 0.89286
28 1.00000 0.71429
27 1.00000 0.48148
26 1.00000 0.73077
25 1.00000 0.88000
23 1.00000 0.52174
21 1.00000 0.95238
20 0.95000 0.95000
19 1.00000 0.73684
17 1.00000 0.94118
17 1.00000 0.94118
15 1.00000 0.80000
15 0.77778 0.93333
14 0.87500 1.00000
13 1.00000 0.92308
12 1.00000 1.00000
11 1.00000 1.00000
10 1.00000 1.00000
10 0.90909 1.00000
10 1.00000 1.00000
10 1.00000 0.90000
10 1.00000 0.90000
10 1.00000 0.70000
9 1.00000 1.00000
9 1.00000 1.00000
8 0.80000 1.00000
4 1.00000 1.00000
26 1.00000 0.46154
10 0.83333 1.00000
5 0.71429 1.00000
5 1.00000 1.00000
4 1.00000 1.00000
3 1.00000 1.00000
6 1.00000 1.00000
25 1.00000 0.84000
17 1.00000 0.64706
16 1.00000 0.87500
14 1.00000 0.50000
13 1.00000 0.53846
10 1.00000 1.00000
9 1.00000 1.00000
9 0.90000 1.00000
8 1.00000 0.75000
6 1.00000 1.00000
6 1.00000 1.00000
5 1.00000 1.00000
5 1.00000 1.00000
4 1.00000 0.75000
3 1.00000 1.00000
3 1.00000 1.00000
3 1.00000 1.00000
3 1.00000 1.00000
23 1.00000 0.95652
14 0.82353 1.00000
12 0.75000 1.00000
8 0.88889 1.00000
6 1.00000 1.00000
5 1.00000 1.00000
3 1.00000 1.00000
34 1.00000 0.55882
17 1.00000 0.88235
10 1.00000 1.00000
8 1.00000 0.50000
5 1.00000 1.00000
4 1.00000 1.00000
3 1.00000 1.00000
11 1.00000 1.00000
7 1.00000 0.85714
5 0.83333 1.00000
5 1.00000 1.00000
4 1.00000 1.00000
3 1.00000 1.00000
3 1.00000 1.00000
3 1.00000 1.00000
3 1.00000 1.00000
3 1.00000 1.00000
16 1.00000 0.87500
15 0.93750 1.00000
8 1.00000 0.50000
6 1.00000 1.00000
5 1.00000 0.80000
4 1.00000 1.00000
133 0.95745 0.33835
46 0.95238 0.43478
41 1.00000 0.34146
36 1.00000 0.47222
33 1.00000 0.51515
23 1.00000 0.91304
22 0.95238 0.90909
21 1.00000 1.00000
20 1.00000 0.60000
19 0.69231 0.94737
18 0.50000 0.61111
18 1.00000 0.50000
18 1.00000 0.94444
18 0.91667 0.61111
16 0.58333 0.43750
13 1.00000 1.00000
12 0.85714 1.00000
12 1.00000 1.00000
11 1.00000 1.00000
10 1.00000 0.90000
10 1.00000 1.00000
9 0.90000 1.00000
9 1.00000 0.88889
11 1.00000 1.00000
5 1.00000 0.80000
23 1.00000 0.60870
17 1.00000 0.94118
11 1.00000 1.00000
10 1.00000 1.00000
8 1.00000 1.00000
7 1.00000 1.00000
3 1.00000 1.00000
3 1.00000 1.00000
8 1.00000 1.00000
7 1.00000 0.85714
5 1.00000 1.00000
4 1.00000 1.00000
9 1.00000 1.00000
264 0.93750 0.05682
83 1.00000 0.19277
49 1.00000 0.28571
30 1.00000 0.26667
17 1.00000 0.70588
16 1.00000 0.75000
15 0.92857 0.86667
6 1.00000 1.00000
11 1.00000 0.81818
7 1.00000 0.57143
38 1.00000 0.13158
21 0.94737 0.85714
20 0.86957 1.00000
12 1.00000 0.91667
6 0.85714 1.00000
4 1.00000 1.00000
14 0.58333 1.00000
27 1.00000 0.62963
18 1.00000 0.94444
10 1.00000 1.00000
10 1.00000 0.70000
5 1.00000 1.00000
3 1.00000 1.00000
3 1.00000 1.00000
6 1.00000 1.00000
6 1.00000 1.00000
4 1.00000 1.00000
22 1.00000 0.36364
9 1.00000 0.77778
11 1.00000 1.00000
7 1.00000 0.85714
7 1.00000 1.00000
5 0.83333 1.00000
5 1.00000 1.00000
5 1.00000 1.00000
4 1.00000 1.00000
4 1.00000 1.00000
3 1.00000 1.00000
3 1.00000 1.00000
3 1.00000 1.00000
6 1.00000 1.00000
22 1.00000 0.36364
16 1.00000 0.50000
14 1.00000 0.92857
9 1.00000 0.77778
7 1.00000 1.00000
6 1.00000 1.00000
4 1.00000 1.00000
3 1.00000 1.00000
4 1.00000 1.00000
3 1.00000 1.00000
13 1.00000 1.00000
5 1.00000 1.00000
3 1.00000 1.00000
11 1.00000 0.81818
9 1.00000 1.00000
7 1.00000 0.57143
6 1.00000 0.50000
6 1.00000 0.83333
4 1.00000 1.00000
5 1.00000 1.00000
63 1.00000 0.31746
58 1.00000 0.36207
58 1.00000 0.36207
28 1.00000 0.21429
25 0.66667 0.80000
18 0.94737 1.00000
16 0.93333 0.87500
11 1.00000 0.54545
11 1.00000 1.00000
9 0.90000 1.00000
7 1.00000 0.85714
6 0.85714 1.00000
5 1.00000 0.80000
57 1.00000 0.26316
37 1.00000 0.48649
32 1.00000 0.28125
21 0.94118 0.76190
14 0.92857 0.92857
12 1.00000 1.00000
11 1.00000 0.81818
8 0.88889 1.00000
6 1.00000 1.00000
6 1.00000 1.00000
6 1.00000 0.66667
5 1.00000 0.80000
4 1.00000 1.00000
4 1.00000 1.00000
4 1.00000 0.75000
3 1.00000 1.00000
3 1.00000 1.00000
10 1.00000 0.80000
6 1.00000 1.00000
4 1.00000 1.00000
3 1.00000 1.00000
26 1.00000 0.76923
26 1.00000 0.46154
12 1.00000 0.91667
11 1.00000 1.00000
10 1.00000 1.00000
10 0.83333 1.00000
8 1.00000 1.00000
7 1.00000 1.00000
7 1.00000 1.00000
5 0.71429 1.00000
5 1.00000 1.00000
4 1.00000 1.00000
3 1.00000 1.00000
24 0.73333 0.91667
22 0.91667 0.50000
16 1.00000 1.00000
14 1.00000 0.78571
10 0.90909 1.00000
4 1.00000 1.00000
52 1.00000 0.61538
10 1.00000 1.00000
7 1.00000 1.00000
3 1.00000 1.00000
3 1.00000 1.00000
3 1.00000 1.00000
3 1.00000 1.00000
7 1.00000 1.00000
6 1.00000 0.83333
34 1.00000 0.55882
17 1.00000 0.88235
10 1.00000 1.00000
9 1.00000 1.00000
8 1.00000 0.50000
7 1.00000 1.00000
7 1.00000 1.00000
6 1.00000 1.00000
4 1.00000 1.00000
3 1.00000 1.00000
3 1.00000 1.00000
14 0.58333 1.00000
4 1.00000 1.00000
3 1.00000 1.00000
7 1.00000 1.00000
3 1.00000 1.00000
7 1.00000 1.00000
3 1.00000 1.00000
7 1.00000 1.00000
3 1.00000 1.00000
7 1.00000 1.00000
3 1.00000 1.00000
7 1.00000 1.00000
3 1.00000 1.00000
15 0.93333 0.93333
3 1.00000 1.00000
6 1.00000 1.00000
5 1.00000 1.00000
6 1.00000 1.00000
5 1.00000 1.00000
51 0.80000 0.15686
44 1.00000 0.40909
43 1.00000 0.18605
33 0.91304 0.63636
32 1.00000 0.56250
31 1.00000 0.48387
29 0.81818 0.62069
27 1.00000 0.29630
25 0.88462 0.92000
23 1.00000 0.95652
22 1.00000 0.54545
19 0.95000 1.00000
16 1.00000 1.00000
12 0.91667 0.91667
9 1.00000 1.00000
6 1.00000 1.00000
6 1.00000 1.00000
5 1.00000 1.00000
7 1.00000 1.00000
32 1.00000 0.28125
15 1.00000 0.53333
8 1.00000 0.50000
8 0.88889 1.00000
4 1.00000 1.00000
3 1.00000 1.00000
3 1.00000 1.00000
3 1.00000 1.00000
3 1.00000 1.00000
3 1.00000 1.00000
3 1.00000 1.00000
26 0.95238 0.76923
19 1.00000 0.94737
14 1.00000 0.71429
10 0.71429 1.00000
10 1.00000 0.80000
6 1.00000 1.00000
4 1.00000 1.00000
3 1.00000 1.00000
6 0.85714 1.00000
3 1.00000 1.00000
13 0.92857 1.00000
13 1.00000 1.00000
11 1.00000 1.00000
11 1.00000 0.54545
10 1.00000 0.90000
8 1.00000 1.00000
8 1.00000 1.00000
7 1.00000 0.85714
7 1.00000 1.00000
6 1.00000 0.50000
6 1.00000 1.00000
6 1.00000 1.00000
5 1.00000 0.80000
5 1.00000 1.00000
5 1.00000 1.00000
5 1.00000 0.80000
4 1.00000 1.00000
4 1.00000 1.00000
4 1.00000 1.00000
3 1.00000 1.00000
3 1.00000 1.00000
46 1.00000 0.30435
34 1.00000 0.23529
27 1.00000 0.25926
25 1.00000 0.68000
21 1.00000 0.76190
20 1.00000 0.40000
17 1.00000 0.76471
17 1.00000 0.47059
14 1.00000 0.85714
8 1.00000 0.87500
5 1.00000 1.00000
5 1.00000 1.00000
4 1.00000 1.00000
21 0.95238 0.95238
18 0.94118 0.88889
18 1.00000 0.66667
3 1.00000 1.00000
29 0.92308 0.82759
16 1.00000 0.87500
13 1.00000 1.00000
11 1.00000 1.00000
10 0.83333 1.00000
9 0.90000 1.00000
7 1.00000 1.00000
7 1.00000 0.71429
6 1.00000 1.00000
5 0.71429 1.00000
5 1.00000 1.00000
4 1.00000 0.75000
3 1.00000 1.00000
22 1.00000 0.81818
6 1.00000 1.00000
6 1.00000 1.00000
6 1.00000 1.00000
6 1.00000 1.00000
4 1.00000 1.00000
3 1.00000 1.00000
4 1.00000 1.00000
4 1.00000 1.00000
3 1.00000 1.00000
3 1.00000 1.00000
5 1.00000 1.00000
52 1.00000 0.61538
45 1.00000 0.35556
10 1.00000 1.00000
7 1.00000 1.00000
6 1.00000 1.00000
3 1.00000 1.00000
22 1.00000 0.81818
8 0.88889 1.00000
6 1.00000 1.00000
6 1.00000 1.00000
9 1.00000 1.00000
6 1.00000 1.00000
5 1.00000 1.00000
5 1.00000 1.00000
5 1.00000 1.00000
4 1.00000 1.00000
9 1.00000 1.00000
6 1.00000 1.00000
5 1.00000 1.00000
5 1.00000 1.00000
5 1.00000 1.00000
4 1.00000 1.00000
20 1.00000 0.65000
12 1.00000 1.00000
9 0.81818 1.00000
8 0.88889 1.00000
8 1.00000 0.87500
7 0.63636 1.00000
6 1.00000 1.00000
4 1.00000 1.00000
4 1.00000 1.00000
20 1.00000 0.65000
12 1.00000 1.00000
9 0.81818 1.00000
8 0.88889 1.00000
8 1.00000 0.87500
7 0.63636 1.00000
6 1.00000 1.00000
4 1.00000 1.00000
4 1.00000 1.00000
20 1.00000 0.65000
12 1.00000 1.00000
9 0.81818 1.00000
8 0.88889 1.00000
8 1.00000 0.87500
7 0.63636 1.00000
6 1.00000 1.00000
4 1.00000 1.00000
4 1.00000 1.00000
6 1.00000 0.33333
27 0.92000 0.85185
20 1.00000 0.80000
11 1.00000 0.81818
10 1.00000 0.90000
8 0.88889 1.00000
8 0.88889 1.00000
8 1.00000 0.87500
7 1.00000 1.00000
6 1.00000 1.00000
4 1.00000 1.00000
58 1.00000 0.25862
47 0.96774 0.63830
20 0.90909 1.00000
14 1.00000 1.00000
11 1.00000 1.00000
11 1.00000 0.81818
7 1.00000 1.00000
5 1.00000 1.00000
5 1.00000 1.00000
4 1.00000 1.00000
31 1.00000 0.61290
23 1.00000 0.60870
11 1.00000 1.00000
10 1.00000 1.00000
8 1.00000 1.00000
8 1.00000 1.00000
4 1.00000 0.75000
4 1.00000 1.00000
3 1.00000 1.00000
3 1.00000 1.00000
7 1.00000 1.00000
5 1.00000 1.00000
4 1.00000 1.00000
16 0.93333 0.87500
14 1.00000 0.92857
10 1.00000 1.00000
9 0.90000 1.00000
9 1.00000 1.00000
9 0.90000 1.00000
8 1.00000 0.87500
7 1.00000 1.00000
7 0.87500 1.00000
7 0.77778 1.00000
6 1.00000 0.50000
20 1.00000 0.75000
3 1.00000 1.00000
3 1.00000 1.00000
154 0.96970 0.41558
133 0.97872 0.34586
83 0.97436 0.45783
68 0.88095 0.54412
58 1.00000 0.25862
50 1.00000 0.28000
42 0.90323 0.66667
42 0.90476 0.45238
35 1.00000 0.48571
30 1.00000 0.66667
21 0.91667 0.52381
21 0.95238 0.95238
21 1.00000 0.85714
21 1.00000 0.61905
18 1.00000 0.88889
14 1.00000 1.00000
10 1.00000 1.00000
10 1.00000 1.00000
10 1.00000 1.00000
9 1.00000 1.00000
7 1.00000 1.00000
4 1.00000 1.00000
3 1.00000 1.00000
37 0.95238 0.54054
12 1.00000 0.91667
11 1.00000 0.36364
6 1.00000 0.66667
6 1.00000 1.00000
6 1.00000 1.00000
5 1.00000 0.80000
4 1.00000 1.00000
4 1.00000 0.75000
3 1.00000 1.00000
3 1.00000 1.00000
3 1.00000 1.00000
22 1.00000 0.81818
11 1.00000 1.00000
4 1.00000 1.00000
11 1.00000 0.90909
5 1.00000 1.00000
3 1.00000 1.00000
32 1.00000 0.28125
11 1.00000 1.00000
69 1.00000 0.21739
40 1.00000 0.32500
31 1.00000 0.51613
28 0.93333 0.50000
25 1.00000 0.68000
25 1.00000 0.56000
16 1.00000 0.87500
14 0.82353 1.00000
11 1.00000 0.81818
11 1.00000 1.00000
10 1.00000 0.90000
10 1.00000 0.90000
10 1.00000 1.00000
10 1.00000 1.00000
8 0.88889 1.00000
8 0.88889 1.00000
8 1.00000 0.62500
7 1.00000 1.00000
6 1.00000 1.00000
6 1.00000 1.00000
6 1.00000 0.83333
6 1.00000 0.33333
6 0.85714 1.00000
5 1.00000 1.00000
5 1.00000 1.00000
4 1.00000 1.00000
4 1.00000 1.00000
4 1.00000 1.00000
3 1.00000 1.00000
3 1.00000 1.00000
9 1.00000 0.88889
4 1.00000 1.00000
3 1.00000 1.00000
152 0.96774 0.19737
120 1.00000 0.08333
33 1.00000 0.30303
28 1.00000 0.78571
23 1.00000 0.65217
8 1.00000 1.00000
7 1.00000 1.00000
6 0.85714 1.00000
3 1.00000 1.00000
3 1.00000 1.00000
37 1.00000 0.32432
27 1.00000 0.48148
24 0.73333 0.91667
23 1.00000 0.52174
21 1.00000 0.52381
17 1.00000 0.94118
16 0.93750 0.93750
15 1.00000 0.73333
13 0.81250 1.00000
11 1.00000 0.81818
11 1.00000 1.00000
9 0.90000 1.00000
5 1.00000 1.00000
4 1.00000 1.00000
4 1.00000 1.00000
4 1.00000 1.00000
13 0.81250 1.00000
9 1.00000 1.00000
6 0.85714 1.00000
6 1.00000 0.83333
3 1.00000 1.00000
18 1.00000 0.55556
14 0.58333 1.00000
11 1.00000 0.90909
8 1.00000 1.00000
6 1.00000 1.00000
3 1.00000 1.00000
18 1.00000 0.55556
14 0.58333 1.00000
11 1.00000 0.90909
8 1.00000 1.00000
6 1.00000 1.00000
3 1.00000 1.00000
96 1.00000 0.27083
61 0.98000 0.80328
44 0.95455 0.47727
33 1.00000 0.90909
30 1.00000 0.66667
25 1.00000 0.76000
23 0.95000 0.82609
23 1.00000 0.52174
22 0.93750 0.68182
20 0.90909 1.00000
17 1.00000 0.94118
16 1.00000 1.00000
14 1.00000 0.78571
11 0.91667 1.00000
11 1.00000 1.00000
10 1.00000 1.00000
10 1.00000 1.00000
10 1.00000 0.90000
9 1.00000 1.00000
8 0.80000 1.00000
5 1.00000 1.00000
6 1.00000 1.00000
3 1.00000 1.00000
3 1.00000 1.00000
3 1.00000 1.00000
3 1.00000 1.00000
3 1.00000 1.00000
3 1.00000 1.00000
15 0.93333 0.93333
3 1.00000 1.00000
3 1.00000 1.00000
7 1.00000 0.71429
4 1.00000 1.00000
3 1.00000 1.00000
3 1.00000 1.00000
26 1.00000 0.46154
23 1.00000 0.47826
19 1.00000 0.89474
14 1.00000 0.92857
7 1.00000 1.00000
5 1.00000 0.80000
3 1.00000 1.00000
3 1.00000 1.00000
4 1.00000 0.75000
25 1.00000 0.36000
8 1.00000 1.00000
7 0.87500 1.00000
6 0.85714 1.00000
6 1.00000 0.83333
3 1.00000 1.00000
3 1.00000 1.00000
25 1.00000 0.52000
22 1.00000 0.90909
3 1.00000 1.00000
25 1.00000 0.36000
8 1.00000 1.00000
7 0.87500 1.00000
6 0.85714 1.00000
6 1.00000 0.83333
3 1.00000 1.00000
25 1.00000 0.36000
8 1.00000 1.00000
7 0.87500 1.00000
6 0.85714 1.00000
6 1.00000 0.83333
3 1.00000 1.00000
9 1.00000 0.88889
8 1.00000 0.87500
8 1.00000 1.00000
3 1.00000 1.00000
3 1.00000 1.00000
26 1.00000 0.34615
22 1.00000 0.72727
17 1.00000 0.70588
15 1.00000 1.00000
10 1.00000 0.90000
10 1.00000 0.90000
10 1.00000 1.00000
9 1.00000 1.00000
8 1.00000 1.00000
8 1.00000 1.00000
7 1.00000 0.57143
6 1.00000 0.83333
6 1.00000 1.00000
5 1.00000 1.00000
5 1.00000 1.00000
5 1.00000 0.80000
5 1.00000 0.80000
4 1.00000 1.00000
4 1.00000 1.00000
4 1.00000 1.00000
3 1.00000 1.00000
3 1.00000 1.00000
60 1.00000 0.23333
41 1.00000 0.34146
31 0.95000 0.61290
17 1.00000 0.82353
16 1.00000 1.00000
9 1.00000 1.00000
8 1.00000 1.00000
6 0.85714 1.00000
5 1.00000 0.40000
3 1.00000 1.00000
16 0.58333 0.43750
10 1.00000 1.00000
5 1.00000 1.00000
5 1.00000 1.00000
4 1.00000 1.00000
4 1.00000 1.00000
16 0.58333 0.43750
10 1.00000 1.00000
5 1.00000 1.00000
5 1.00000 1.00000
4 1.00000 1.00000
4 1.00000 1.00000
3 1.00000 1.00000
3 1.00000 1.00000
3 1.00000 1.00000
3 1.00000 1.00000
31 1.00000 0.83871
4 1.00000 1.00000
50 0.84211 0.32000
46 0.85714 0.13043
41 1.00000 0.09756
40 0.88235 0.37500
34 1.00000 0.47059
28 1.00000 0.46429
27 1.00000 0.44444
19 1.00000 0.57895
17 1.00000 0.82353
11 0.68750 1.00000
10 0.71429 1.00000
9 1.00000 1.00000
9 1.00000 1.00000
8 0.80000 1.00000
5 1.00000 0.80000
16 1.00000 1.00000
10 0.76923 1.00000
33 1.00000 0.66667
33 1.00000 0.57576
23 1.00000 0.43478
23 0.88889 0.34783
18 1.00000 1.00000
16 1.00000 0.75000
14 1.00000 1.00000
12 0.92308 1.00000
12 0.92308 1.00000
10 1.00000 0.60000
9 1.00000 0.55556
9 1.00000 0.88889
8 1.00000 0.87500
8 1.00000 1.00000
8 1.00000 1.00000
5 1.00000 0.80000
4 1.00000 1.00000
9 1.00000 0.77778
8 1.00000 1.00000
7 1.00000 1.00000
7 1.00000 1.00000
5 1.00000 1.00000
5 1.00000 1.00000
4 1.00000 0.75000
4 1.00000 0.75000
3 1.00000 1.00000
3 1.00000 1.00000
3 1.00000 1.00000
90 1.00000 0.73333
54 1.00000 0.61111
44 0.95238 0.45455
41 1.00000 0.34146
35 1.00000 0.48571
30 1.00000 0.66667
15 1.00000 0.86667
14 1.00000 0.92857
13 0.92857 1.00000
13 1.00000 1.00000
13 0.92857 1.00000
11 1.00000 1.00000
10 1.00000 1.00000
9 1.00000 0.88889
9 1.00000 1.00000
9 1.00000 1.00000
8 1.00000 1.00000
7 1.00000 1.00000
7 1.00000 1.00000
4 1.00000 1.00000
18 1.00000 0.61111
3 1.00000 1.00000
101 1.00000 0.05941
22 1.00000 0.72727
14 1.00000 0.50000
13 1.00000 0.84615
13 0.81250 1.00000
12 1.00000 1.00000
8 0.88889 1.00000
4 1.00000 1.00000
3 1.00000 1.00000
3 1.00000 1.00000
3 1.00000 1.00000
312 1.00000 0.05128
49 1.00000 0.28571
41 1.00000 0.19512
30 1.00000 0.26667
25 1.00000 0.68000
20 1.00000 0.90000
15 0.92857 0.86667
6 1.00000 1.00000
4 1.00000 1.00000
3 1.00000 1.00000
21 0.94118 0.76190
12 1.00000 0.83333
11 1.00000 0.90909
10 1.00000 1.00000
10 0.83333 1.00000
8 1.00000 0.87500
4 1.00000 1.00000
4 1.00000 0.75000
4 1.00000 1.00000
3 1.00000 1.00000
3 1.00000 1.00000
3 1.00000 1.00000
3 1.00000 1.00000
3 1.00000 1.00000
3 1.00000 1.00000
3 1.00000 1.00000
16 1.00000 0.93750
10 1.00000 0.80000
9 0.90000 1.00000
6 1.00000 0.66667
5 1.00000 1.00000
3 1.00000 1.00000
3 1.00000 1.00000
12 1.00000 0.91667
5 1.00000 1.00000
4 1.00000 1.00000
3 1.00000 1.00000
6 1.00000 1.00000
129 1.00000 0.17054
100 1.00000 0.26000
65 1.00000 0.30769
62 1.00000 0.80645
59 1.00000 0.35593
58 1.00000 0.36207
54 1.00000 0.48148
49 1.00000 0.44898
46 0.94118 0.34783
39 1.00000 0.30769
35 0.91667 0.31429
33 1.00000 0.90909
33 0.93333 0.84848
33 1.00000 0.60606
30 1.00000 0.66667
30 1.00000 0.33333
28 1.00000 0.21429
27 1.00000 0.70370
27 1.00000 0.48148
26 1.00000 0.42308
25 1.00000 0.88000
23 0.95000 0.82609
23 1.00000 0.52174
22 0.93750 0.68182
21 1.00000 0.33333
19 1.00000 0.73684
19 1.00000 1.00000
17 1.00000 0.94118
17 1.00000 0.88235
17 1.00000 0.94118
15 0.77778 0.93333
12 1.00000 0.83333
11 1.00000 1.00000
11 1.00000 1.00000
10 1.00000 1.00000
10 1.00000 0.90000
9 0.90000 1.00000
9 1.00000 0.88889
9 1.00000 1.00000
9 1.00000 1.00000
8 0.80000 1.00000
7 1.00000 0.85714
5 1.00000 0.80000
5 1.00000 0.80000
5 1.00000 1.00000
19 1.00000 0.52632
14 0.58333 1.00000
11 1.00000 0.90909
9 1.00000 0.88889
6 1.00000 1.00000
19 1.00000 0.52632
14 0.58333 1.00000
11 1.00000 0.90909
9 1.00000 0.88889
6 1.00000 1.00000
11 1.00000 0.90909
10 1.00000 0.90000
8 1.00000 0.87500
6 1.00000 1.00000
4 1.00000 1.00000
4 1.00000 1.00000
3 1.00000 1.00000
11 1.00000 0.90909
10 1.00000 0.90000
8 1.00000 0.87500
6 1.00000 1.00000
4 1.00000 1.00000
4 1.00000 1.00000
3 1.00000 1.00000
11 1.00000 0.90909
10 1.00000 0.90000
8 1.00000 0.87500
6 1.00000 1.00000
4 1.00000 1.00000
4 1.00000 1.00000
3 1.00000 1.00000
3 1.00000 1.00000
3 1.00000 1.00000
11 1.00000 0.90909
10 1.00000 0.90000
8 1.00000 0.87500
6 1.00000 1.00000
4 1.00000 1.00000
4 1.00000 1.00000
3 1.00000 1.00000
8 1.00000 1.00000
7 1.00000 0.85714
15 0.73684 0.93333
5 1.00000 1.00000
4 1.00000 1.00000
8 1.00000 0.87500
8 1.00000 1.00000
8 1.00000 1.00000
6 0.75000 1.00000
4 1.00000 1.00000
4 1.00000 0.75000
3 1.00000 1.00000
3 1.00000 1.00000
3 1.00000 1.00000
9 1.00000 1.00000
8 1.00000 1.00000
7 1.00000 0.85714
24 1.00000 0.66667
22 0.94118 0.72727
17 1.00000 0.58824
14 1.00000 0.50000
11 1.00000 0.90909
11 1.00000 0.90909
10 0.83333 1.00000
6 1.00000 0.83333
5 1.00000 1.00000
4 1.00000 1.00000
4 1.00000 0.75000
4 1.00000 1.00000
4 1.00000 1.00000
3 1.00000 1.00000
3 1.00000 1.00000
3 1.00000 1.00000
3 1.00000 1.00000
20 1.00000 0.75000
3 1.00000 1.00000
3 1.00000 1.00000
3 1.00000 1.00000
3 1.00000 1.00000
11 1.00000 0.90909
10 1.00000 0.90000
8 1.00000 0.87500
6 1.00000 1.00000
4 1.00000 1.00000
4 1.00000 1.00000
3 1.00000 1.00000
37 1.00000 0.21622
14 0.58333 1.00000
9 1.00000 0.66667
9 1.00000 1.00000
7 1.00000 1.00000
6 1.00000 0.83333
4 1.00000 1.00000
8 1.00000 0.75000
4 1.00000 1.00000
3 1.00000 1.00000
18 1.00000 0.55556
6 1.00000 1.00000
4 1.00000 1.00000
19 1.00000 0.89474
11 1.00000 0.90909
9 1.00000 1.00000
7 1.00000 0.85714
6 1.00000 1.00000
5 1.00000 1.00000
4 1.00000 1.00000
4 1.00000 1.00000
4 1.00000 1.00000
3 1.00000 1.00000
3 1.00000 1.00000
3 1.00000 1.00000
3 1.00000 1.00000
8 1.00000 0.75000
4 1.00000 1.00000
3 1.00000 1.00000
26 1.00000 0.46154
19 1.00000 0.89474
14 1.00000 0.92857
11 1.00000 0.90909
8 1.00000 1.00000
7 1.00000 1.00000
7 1.00000 0.85714
5 1.00000 0.80000
4 1.00000 1.00000
3 1.00000 1.00000
3 1.00000 1.00000
3 1.00000 1.00000
69 1.00000 0.21739
40 1.00000 0.32500
25 1.00000 0.56000
24 1.00000 0.62500
17 1.00000 0.82353
17 1.00000 0.64706
15 1.00000 0.46667
14 1.00000 0.50000
13 1.00000 0.53846
12 1.00000 0.91667
11 1.00000 0.90909
11 1.00000 0.81818
10 1.00000 0.90000
10 1.00000 1.00000
10 1.00000 0.90000
9 1.00000 1.00000
9 0.90000 1.00000
8 1.00000 0.87500
7 1.00000 1.00000
6 1.00000 0.83333
6 1.00000 0.33333
6 1.00000 1.00000
6 1.00000 0.83333
6 0.85714 1.00000
5 1.00000 1.00000
5 1.00000 0.80000
5 1.00000 1.00000
5 1.00000 1.00000
4 1.00000 1.00000
4 1.00000 0.75000
4 1.00000 1.00000
3 1.00000 1.00000
3 1.00000 1.00000
3 1.00000 1.00000
3 1.00000 1.00000
5 1.00000 1.00000
47 1.00000 0.14894
32 1.00000 0.62500
28 1.00000 0.42857
26 1.00000 0.34615
25 1.00000 0.56000
25 1.00000 0.32000
22 1.00000 0.45455
19 1.00000 0.57895
16 1.00000 0.87500
15 1.00000 1.00000
14 1.00000 0.92857
14 1.00000 0.92857
12 1.00000 0.58333
12 1.00000 1.00000
11 1.00000 1.00000
11 1.00000 0.54545
11 1.00000 0.54545
11 1.00000 0.81818
10 1.00000 0.90000
10 1.00000 1.00000
10 1.00000 0.90000
9 0.75000 1.00000
8 1.00000 1.00000
7 1.00000 1.00000
7 1.00000 0.71429
7 1.00000 0.57143
6 0.85714 1.00000
6 1.00000 1.00000
6 1.00000 1.00000
5 1.00000 0.80000
5 1.00000 1.00000
5 1.00000 1.00000
5 1.00000 0.80000
5 1.00000 0.80000
4 1.00000 1.00000
4 1.00000 1.00000
4 1.00000 1.00000
4 1.00000 1.00000
4 1.00000 1.00000
4 1.00000 1.00000
3 1.00000 1.00000
3 1.00000 1.00000
3 1.00000 1.00000
3 1.00000 1.00000
3 1.00000 1.00000
3 1.00000 1.00000
3 1.00000 1.00000
9 1.00000 0.88889
4 1.00000 1.00000
9 1.00000 0.88889
4 1.00000 1.00000
21 0.95238 0.95238
18 1.00000 0.88889
15 1.00000 1.00000
9 1.00000 1.00000
8 0.88889 1.00000
4 1.00000 1.00000
6 1.00000 0.33333
3 1.00000 1.00000
17 1.00000 0.94118
15 0.93333 0.93333
5 1.00000 1.00000
3 1.00000 1.00000
32 1.00000 0.28125
16 1.00000 1.00000
16 1.00000 0.87500
15 0.93750 1.00000
8 0.88889 1.00000
6 1.00000 1.00000
6 1.00000 1.00000
6 1.00000 1.00000
6 1.00000 1.00000
4 1.00000 1.00000
3 1.00000 1.00000
3 1.00000 1.00000
140 0.97872 0.32857
42 0.90323 0.66667
35 1.00000 0.48571
28 0.95238 0.71429
21 0.91667 0.52381
21 1.00000 0.85714
21 1.00000 0.90476
20 0.90909 1.00000
19 0.94737 0.94737
15 0.90000 0.60000
14 1.00000 0.92857
14 1.00000 1.00000
9 1.00000 1.00000
9 1.00000 0.88889
7 1.00000 1.00000
7 1.00000 1.00000
5 1.00000 1.00000
4 1.00000 1.00000
3 1.00000 1.00000
3 1.00000 1.00000
6 1.00000 1.00000
28 1.00000 0.82143
26 1.00000 0.46154
26 1.00000 0.46154
25 1.00000 0.60000
17 1.00000 0.88235
16 1.00000 0.75000
16 1.00000 1.00000
16 1.00000 0.87500
14 1.00000 0.85714
13 1.00000 0.92308
13 1.00000 0.69231
11 1.00000 1.00000
11 1.00000 1.00000
10 1.00000 0.90000
10 1.00000 0.80000
10 0.83333 1.00000
8 1.00000 1.00000
8 1.00000 1.00000
8 1.00000 0.50000
7 1.00000 1.00000
7 1.00000 0.71429
7 1.00000 1.00000
7 1.00000 1.00000
6 1.00000 1.00000
6 1.00000 1.00000
6 1.00000 0.33333
6 1.00000 1.00000
6 1.00000 1.00000
5 1.00000 1.00000
4 1.00000 1.00000
4 1.00000 1.00000
4 1.00000 1.00000
4 1.00000 0.75000
4 1.00000 1.00000
3 1.00000 1.00000
3 1.00000 1.00000
3 1.00000 1.00000
3 1.00000 1.00000
3 1.00000 1.00000
3 1.00000 1.00000
3 1.00000 1.00000
4 1.00000 0.75000
4 1.00000 1.00000
3 1.00000 1.00000
18 1.00000 0.44444
7 1.00000 1.00000
4 1.00000 1.00000
3 1.00000 1.00000
3 1.00000 1.00000
3 1.00000 1.00000
3 1.00000 1.00000
3 1.00000 1.00000
3 1.00000 1.00000
3 1.00000 1.00000
14 0.66667 1.00000
34 1.00000 0.41176
31 1.00000 0.58065
17 1.00000 0.82353
14 1.00000 0.64286
11 1.00000 0.90909
7 1.00000 0.71429
6 1.00000 0.83333
6 0.85714 1.00000
4 1.00000 1.00000
3 1.00000 1.00000
3 1.00000 1.00000
3 1.00000 1.00000
3 1.00000 1.00000
3 1.00000 1.00000
23 1.00000 0.56522
19 1.00000 0.57895
12 1.00000 0.83333
76 1.00000 0.30263
28 1.00000 0.35714
10 1.00000 0.50000
10 1.00000 1.00000
9 1.00000 0.55556
9 1.00000 0.88889
9 1.00000 1.00000
6 1.00000 1.00000
5 1.00000 0.80000
4 1.00000 0.75000
52 1.00000 0.61538
37 1.00000 0.21622
25 1.00000 0.52000
11 1.00000 0.90909
9 1.00000 0.66667
7 1.00000 1.00000
6 1.00000 1.00000
6 1.00000 1.00000
3 1.00000 1.00000
3 1.00000 1.00000
3 1.00000 1.00000
3 1.00000 1.00000
3 1.00000 1.00000
52 1.00000 0.61538
37 1.00000 0.21622
25 1.00000 0.52000
10 1.00000 0.80000
9 1.00000 0.66667
7 1.00000 1.00000
6 1.00000 1.00000
6 1.00000 1.00000
3 1.00000 1.00000
3 1.00000 1.00000
3 1.00000 1.00000
3 1.00000 1.00000
3 1.00000 1.00000
52 1.00000 0.61538
37 1.00000 0.21622
25 1.00000 0.52000
10 1.00000 0.80000
9 1.00000 0.66667
7 1.00000 1.00000
6 1.00000 1.00000
6 1.00000 1.00000
3 1.00000 1.00000
3 1.00000 1.00000
3 1.00000 1.00000
3 1.00000 1.00000
3 1.00000 1.00000
15 0.73684 0.93333
10 1.00000 0.60000
8 1.00000 0.50000
7 1.00000 1.00000
5 1.00000 0.80000
4 1.00000 1.00000
3 1.00000 1.00000
3 1.00000 1.00000
52 1.00000 0.61538
37 1.00000 0.21622
25 1.00000 0.52000
10 1.00000 0.80000
9 1.00000 0.66667
7 1.00000 1.00000
6 1.00000 1.00000
6 1.00000 1.00000
3 1.00000 1.00000
3 1.00000 1.00000
3 1.00000 1.00000
3 1.00000 1.00000
3 1.00000 1.00000
9 0.81818 1.00000
4 1.00000 1.00000
3 1.00000 1.00000
3 1.00000 1.00000
8 0.88889 1.00000
6 0.85714 1.00000
4 1.00000 1.00000
3 1.00000 1.00000
3 1.00000 1.00000
3 1.00000 1.00000
61 1.00000 0.24590
37 1.00000 0.48649
34 1.00000 0.41176
32 1.00000 0.28125
25 1.00000 0.76000
21 1.00000 0.57143
21 0.94118 0.76190
20 1.00000 0.35000
16 1.00000 1.00000
16 1.00000 0.87500
14 1.00000 0.50000
14 0.92857 0.92857
11 1.00000 0.81818
11 1.00000 0.81818
8 1.00000 1.00000
8 0.88889 1.00000
7 1.00000 1.00000
6 1.00000 1.00000
6 1.00000 1.00000
6 1.00000 1.00000
5 1.00000 1.00000
5 1.00000 1.00000
4 1.00000 1.00000
3 1.00000 1.00000
3 1.00000 1.00000
3 1.00000 1.00000
6 1.00000 0.33333
3 1.00000 1.00000
61 1.00000 0.24590
37 1.00000 0.48649
34 1.00000 0.41176
32 1.00000 0.28125
25 1.00000 0.76000
21 1.00000 0.57143
21 0.94118 0.76190
20 1.00000 0.35000
16 1.00000 1.00000
16 1.00000 0.87500
14 1.00000 0.50000
14 0.92857 0.92857
11 1.00000 0.81818
11 1.00000 0.81818
8 1.00000 1.00000
8 0.88889 1.00000
7 1.00000 1.00000
6 1.00000 1.00000
6 1.00000 1.00000
6 1.00000 1.00000
5 1.00000 1.00000
5 1.00000 1.00000
4 1.00000 1.00000
3 1.00000 1.00000
3 1.00000 1.00000
3 1.00000 1.00000
8 1.00000 0.87500
6 1.00000 1.00000
6 1.00000 1.00000
6 1.00000 1.00000
9 1.00000 0.88889
4 1.00000 1.00000
4 1.00000 1.00000
3 1.00000 1.00000
3 1.00000 1.00000
8 0.80000 1.00000
6 1.00000 1.00000
3 1.00000 1.00000
3 1.00000 1.00000
20 1.00000 0.65000
19 1.00000 0.52632
14 0.58333 1.00000
12 1.00000 1.00000
11 1.00000 0.90909
11 1.00000 0.90909
10 1.00000 0.90000
9 1.00000 0.88889
9 0.81818 1.00000
8 1.00000 0.87500
8 1.00000 0.87500
7 0.63636 1.00000
6 1.00000 1.00000
6 1.00000 1.00000
6 1.00000 1.00000
6 1.00000 1.00000
5 1.00000 1.00000
4 1.00000 1.00000
4 1.00000 1.00000
4 1.00000 1.00000
3 1.00000 1.00000
20 1.00000 0.65000
19 1.00000 0.52632
14 0.58333 1.00000
12 1.00000 1.00000
11 1.00000 0.90909
11 1.00000 0.90909
10 1.00000 0.90000
9 1.00000 0.88889
9 0.81818 1.00000
8 1.00000 0.87500
8 1.00000 0.87500
7 0.63636 1.00000
6 1.00000 1.00000
6 1.00000 1.00000
6 1.00000 1.00000
6 1.00000 1.00000
5 1.00000 1.00000
4 1.00000 1.00000
4 1.00000 1.00000
4 1.00000 1.00000
3 1.00000 1.00000
8 0.80000 1.00000
6 1.00000 1.00000
3 1.00000 1.00000
3 1.00000 1.00000
62 1.00000 0.33871
13 1.00000 0.53846
10 1.00000 0.90000
9 1.00000 1.00000
9 1.00000 0.88889
8 1.00000 1.00000
8 1.00000 0.62500
7 1.00000 1.00000
7 1.00000 0.85714
7 1.00000 0.85714
7 1.00000 1.00000
7 1.00000 1.00000
6 1.00000 1.00000
6 1.00000 1.00000
6 1.00000 1.00000
6 1.00000 0.83333
6 1.00000 1.00000
6 1.00000 0.83333
6 0.85714 1.00000
6 1.00000 1.00000
5 0.83333 1.00000
5 1.00000 1.00000
5 1.00000 1.00000
5 1.00000 1.00000
5 1.00000 1.00000
5 1.00000 1.00000
5 1.00000 1.00000
5 1.00000 0.80000
4 1.00000 1.00000
4 1.00000 1.00000
4 1.00000 1.00000
4 1.00000 1.00000
4 1.00000 1.00000
4 1.00000 0.75000
4 1.00000 1.00000
4 1.00000 0.75000
4 1.00000 1.00000
4 1.00000 1.00000
4 1.00000 1.00000
4 1.00000 1.00000
4 1.00000 1.00000
3 1.00000 1.00000
3 1.00000 1.00000
3 1.00000 1.00000
3 1.00000 1.00000
3 1.00000 1.00000
3 1.00000 1.00000
3 1.00000 1.00000
3 1.00000 1.00000
3 1.00000 1.00000
3 1.00000 1.00000
3 1.00000 1.00000
3 1.00000 1.00000
3 1.00000 1.00000
22 1.00000 0.77273
12 0.92308 1.00000
10 0.76923 1.00000
3 1.00000 1.00000
3 1.00000 1.00000
3 1.00000 1.00000
3 1.00000 1.00000
3 1.00000 1.00000
11 1.00000 0.90909
11 1.00000 0.90909
10 1.00000 0.90000
9 1.00000 1.00000
8 1.00000 0.87500
8 1.00000 0.75000
7 1.00000 0.85714
7 1.00000 0.85714
6 1.00000 1.00000
6 1.00000 1.00000
5 1.00000 1.00000
4 1.00000 1.00000
4 1.00000 1.00000
4 1.00000 1.00000
4 1.00000 1.00000
4 1.00000 1.00000
4 1.00000 1.00000
3 1.00000 1.00000
3 1.00000 1.00000
3 1.00000 1.00000
3 1.00000 1.00000
3 1.00000 1.00000
3 1.00000 1.00000
11 1.00000 0.90909
11 1.00000 0.90909
10 1.00000 0.90000
9 1.00000 1.00000
8 1.00000 0.87500
8 1.00000 0.75000
7 1.00000 0.85714
7 1.00000 0.85714
6 1.00000 1.00000
6 1.00000 1.00000
5 1.00000 1.00000
4 1.00000 1.00000
4 1.00000 1.00000
4 1.00000 1.00000
4 1.00000 1.00000
4 1.00000 1.00000
4 1.00000 1.00000
3 1.00000 1.00000
3 1.00000 1.00000
3 1.00000 1.00000
3 1.00000 1.00000
3 1.00000 1.00000
3 1.00000 1.00000
18 1.00000 0.61111
8 0.80000 1.00000
6 1.00000 1.00000
3 1.00000 1.00000
3 1.00000 1.00000
3 1.00000 1.00000
3 1.00000 1.00000
62 1.00000 0.33871
13 1.00000 0.53846
10 1.00000 0.90000
9 1.00000 1.00000
9 1.00000 0.88889
8 1.00000 1.00000
8 1.00000 0.87500
8 1.00000 1.00000
8 1.00000 0.62500
7 1.00000 1.00000
7 1.00000 1.00000
7 1.00000 1.00000
7 1.00000 1.00000
7 1.00000 0.85714
7 1.00000 0.85714
7 1.00000 1.00000
7 1.00000 1.00000
7 1.00000 1.00000
6 1.00000 1.00000
6 1.00000 1.00000
6 1.00000 1.00000
6 1.00000 0.83333
6 1.00000 1.00000
6 1.00000 0.83333
6 0.85714 1.00000
6 1.00000 1.00000
5 0.83333 1.00000
5 1.00000 1.00000
5 1.00000 1.00000
5 1.00000 1.00000
5 1.00000 1.00000
5 1.00000 1.00000
5 1.00000 1.00000
5 1.00000 0.80000
4 1.00000 1.00000
4 1.00000 1.00000
4 1.00000 1.00000
4 1.00000 1.00000
4 1.00000 1.00000
4 1.00000 0.75000
4 1.00000 1.00000
4 1.00000 0.75000
4 1.00000 0.75000
4 1.00000 1.00000
4 1.00000 1.00000
4 1.00000 1.00000
4 1.00000 1.00000
4 1.00000 0.75000
4 1.00000 1.00000
3 1.00000 1.00000
3 1.00000 1.00000
3 1.00000 1.00000
3 1.00000 1.00000
3 1.00000 1.00000
3 1.00000 1.00000
3 1.00000 1.00000
3 1.00000 1.00000
3 1.00000 1.00000
3 1.00000 1.00000
3 1.00000 1.00000
3 1.00000 1.00000
3 1.00000 1.00000
3 1.00000 1.00000
3 1.00000 1.00000
18 1.00000 0.55556
9 1.00000 0.77778
6 1.00000 1.00000
4 1.00000 1.00000
3 1.00000 1.00000
3 1.00000 1.00000
51 1.00000 0.25490
41 0.88235 0.36585
34 1.00000 0.47059
32 1.00000 0.37500
28 1.00000 0.46429
22 1.00000 0.63636
20 0.69565 0.80000
20 1.00000 0.55000
18 1.00000 1.00000
18 1.00000 0.77778
11 1.00000 0.81818
10 0.71429 1.00000
9 1.00000 1.00000
9 0.90000 1.00000
9 1.00000 1.00000
8 1.00000 0.50000
7 1.00000 1.00000
7 1.00000 1.00000
6 1.00000 0.66667
6 1.00000 1.00000
5 1.00000 0.80000
5 1.00000 0.80000
114 1.00000 0.08772
26 1.00000 0.38462
22 1.00000 0.54545
17 1.00000 1.00000
16 1.00000 0.93750
12 0.84615 0.91667
10 1.00000 0.80000
9 1.00000 1.00000
6 1.00000 0.66667
6 0.85714 1.00000
5 1.00000 1.00000
5 1.00000 1.00000
5 1.00000 1.00000
4 1.00000 1.00000
4 1.00000 1.00000
3 1.00000 1.00000
3 1.00000 1.00000
49 1.00000 0.48980
42 1.00000 0.14286
42 1.00000 0.45238
37 1.00000 0.21622
27 1.00000 0.33333
26 1.00000 0.50000
25 1.00000 0.76000
24 1.00000 0.58333
21 1.00000 0.57143
20 1.00000 0.35000
18 1.00000 0.72222
16 1.00000 1.00000
16 1.00000 0.87500
12 1.00000 0.91667
10 1.00000 0.60000
8 1.00000 1.00000
8 1.00000 1.00000
7 1.00000 1.00000
7 1.00000 1.00000
6 1.00000 1.00000
6 1.00000 0.66667
6 1.00000 1.00000
5 1.00000 1.00000
4 1.00000 1.00000
3 1.00000 1.00000
3 1.00000 1.00000
3 1.00000 1.00000
3 1.00000 1.00000
3 1.00000 1.00000
113 1.00000 0.37168
42 0.90323 0.66667
22 0.95455 0.95455
21 0.91667 0.52381
21 1.00000 0.90476
20 1.00000 0.95000
18 1.00000 0.66667
17 1.00000 0.82353
15 0.93750 1.00000
14 1.00000 1.00000
11 1.00000 1.00000
10 1.00000 1.00000
10 1.00000 1.00000
10 1.00000 0.80000
9 1.00000 1.00000
9 1.00000 0.88889
7 1.00000 0.85714
7 1.00000 1.00000
6 1.00000 0.66667
6 0.46154 1.00000
6 0.54545 1.00000
5 1.00000 1.00000
4 1.00000 1.00000
4 1.00000 1.00000
3 1.00000 1.00000
3 1.00000 1.00000
31 1.00000 0.83871
9 1.00000 0.88889
4 1.00000 1.00000
3 1.00000 1.00000
328 0.95238 0.12195
48 1.00000 0.52083
20 1.00000 0.65000
19 1.00000 0.52632
18 1.00000 0.61111
14 0.58333 1.00000
11 1.00000 0.90909
11 1.00000 0.90909
11 1.00000 0.90909
10 1.00000 0.90000
9 1.00000 1.00000
9 1.00000 0.88889
9 0.81818 1.00000
8 1.00000 0.87500
8 0.80000 1.00000
8 1.00000 0.87500
8 1.00000 0.75000
7 0.63636 1.00000
7 1.00000 0.85714
7 1.00000 0.85714
6 1.00000 1.00000
6 1.00000 1.00000
6 1.00000 1.00000
6 1.00000 1.00000
6 1.00000 1.00000
5 1.00000 1.00000
5 1.00000 1.00000
4 1.00000 1.00000
4 1.00000 1.00000
4 1.00000 1.00000
4 1.00000 1.00000
4 1.00000 1.00000
4 1.00000 1.00000
3 1.00000 1.00000
3 1.00000 1.00000
3 1.00000 1.00000
3 1.00000 1.00000
3 1.00000 1.00000
3 1.00000 1.00000
3 1.00000 1.00000
3 1.00000 1.00000
3 1.00000 1.00000
3 1.00000 1.00000
328 0.95238 0.12195
48 1.00000 0.52083
20 1.00000 0.65000
19 1.00000 0.52632
18 1.00000 0.61111
14 0.58333 1.00000
11 1.00000 0.90909
11 1.00000 0.90909
11 1.00000 0.90909
10 1.00000 0.90000
9 1.00000 1.00000
9 1.00000 0.88889
9 0.81818 1.00000
8 1.00000 0.87500
8 0.80000 1.00000
8 1.00000 0.87500
8 1.00000 0.75000
7 0.63636 1.00000
7 1.00000 0.85714
7 1.00000 0.85714
6 1.00000 1.00000
6 1.00000 1.00000
6 1.00000 1.00000
6 1.00000 1.00000
6 1.00000 1.00000
5 1.00000 1.00000
5 1.00000 1.00000
4 1.00000 1.00000
4 1.00000 1.00000
4 1.00000 1.00000
4 1.00000 1.00000
4 1.00000 1.00000
4 1.00000 1.00000
3 1.00000 1.00000
3 1.00000 1.00000
3 1.00000 1.00000
3 1.00000 1.00000
3 1.00000 1.00000
3 1.00000 1.00000
3 1.00000 1.00000
3 1.00000 1.00000
3 1.00000 1.00000
3 1.00000 1.00000
41 1.00000 0.36585
34 1.00000 0.55882
17 1.00000 0.82353
16 1.00000 0.50000
15 1.00000 0.46667
15 0.90909 0.66667
14 1.00000 0.92857
14 1.00000 0.50000
13 0.92857 1.00000
12 1.00000 0.58333
11 1.00000 1.00000
11 1.00000 1.00000
10 1.00000 0.90000
10 1.00000 0.90000
10 0.83333 1.00000
9 1.00000 1.00000
9 0.90000 1.00000
9 1.00000 1.00000
9 1.00000 0.77778
9 0.90000 1.00000
8 1.00000 1.00000
7 1.00000 1.00000
6 1.00000 0.33333
6 1.00000 1.00000
6 1.00000 0.83333
6 1.00000 0.66667
6 1.00000 1.00000
5 1.00000 1.00000
5 1.00000 1.00000
4 1.00000 1.00000
4 1.00000 1.00000
4 1.00000 1.00000
3 1.00000 1.00000
3 1.00000 1.00000
3 1.00000 1.00000
3 1.00000 1.00000
3 1.00000 1.00000
3 1.00000 1.00000
3 1.00000 1.00000
3 1.00000 1.00000
3 1.00000 1.00000
3 1.00000 1.00000
41 1.00000 0.36585
35 1.00000 0.54286
17 1.00000 0.82353
16 1.00000 0.50000
15 0.90909 0.66667
14 1.00000 0.92857
14 1.00000 0.50000
13 0.92857 1.00000
12 1.00000 0.58333
12 1.00000 0.58333
11 1.00000 1.00000
11 1.00000 1.00000
10 1.00000 0.90000
10 1.00000 0.90000
10 0.83333 1.00000
9 1.00000 1.00000
9 0.90000 1.00000
9 1.00000 1.00000
9 1.00000 0.77778
9 0.90000 1.00000
8 1.00000 1.00000
7 1.00000 0.85714
6 1.00000 0.33333
6 1.00000 0.83333
6 1.00000 0.66667
6 1.00000 1.00000
5 1.00000 1.00000
5 1.00000 1.00000
4 1.00000 1.00000
4 1.00000 1.00000
4 1.00000 1.00000
3 1.00000 1.00000
3 1.00000 1.00000
3 1.00000 1.00000
3 1.00000 1.00000
3 1.00000 1.00000
3 1.00000 1.00000
3 1.00000 1.00000
3 1.00000 1.00000
3 1.00000 1.00000
