3 1.00000 0.33333
3 1.00000 0.33333
5 1.00000 0.20000
4 1.00000 0.25000
3 1.00000 0.33333
4 1.00000 0.25000
4 1.00000 0.25000
5 1.00000 0.20000
3 1.00000 0.33333
5 1.00000 0.20000
5 1.00000 0.20000
4 1.00000 0.25000
4 1.00000 0.25000
4 1.00000 0.25000
4 1.00000 0.25000
4 1.00000 0.25000
5 1.00000 0.20000
5 1.00000 0.20000
4 1.00000 0.25000
6 1.00000 0.16667
4 1.00000 0.25000
5 1.00000 0.20000
6 1.00000 0.16667
6 1.00000 0.16667
6 1.00000 0.16667
6 1.00000 0.16667
6 1.00000 0.16667
6 1.00000 0.16667
4 1.00000 0.25000
4 1.00000 0.25000
6 1.00000 0.16667
6 1.00000 0.16667
5 1.00000 0.20000
6 1.00000 0.16667
7 1.00000 0.14286
7 1.00000 0.14286
6 1.00000 0.16667
7 1.00000 0.14286
7 1.00000 0.14286
6 1.00000 0.16667
7 1.00000 0.14286
5 1.00000 0.20000
5 1.00000 0.20000
5 1.00000 0.20000
7 1.00000 0.14286
7 1.00000 0.14286
7 1.00000 0.14286
7 1.00000 0.14286
7 1.00000 0.14286
4 1.00000 0.25000
4 1.00000 0.25000
7 1.00000 0.14286
6 1.00000 0.16667
6 1.00000 0.16667
6 1.00000 0.16667
6 1.00000 0.16667
6 1.00000 0.16667
7 1.00000 0.14286
6 1.00000 0.16667
7 1.00000 0.14286
8 1.00000 0.12500
5 1.00000 0.20000
4 1.00000 0.25000
4 1.00000 0.25000
4 1.00000 0.25000
4 1.00000 0.25000
3 1.00000 0.33333
6 1.00000 0.16667
4 1.00000 0.25000
7 1.00000 0.14286
7 1.00000 0.14286
7 1.00000 0.14286
7 1.00000 0.14286
7 1.00000 0.14286
6 1.00000 0.16667
8 1.00000 0.12500
6 1.00000 0.16667
8 1.00000 0.12500
5 1.00000 0.20000
8 1.00000 0.12500
6 1.00000 0.16667
7 1.00000 0.14286
9 1.00000 0.11111
9 1.00000 0.11111
8 1.00000 0.12500
4 1.00000 0.25000
9 1.00000 0.11111
8 1.00000 0.12500
8 1.00000 0.12500
9 1.00000 0.11111
9 1.00000 0.11111
4 1.00000 0.25000
4 1.00000 0.25000
8 1.00000 0.12500
10 1.00000 0.10000
9 1.00000 0.11111
6 1.00000 0.16667
6 1.00000 0.16667
8 1.00000 0.12500
7 1.00000 0.14286
10 1.00000 0.10000
9 1.00000 0.11111
9 1.00000 0.11111
10 1.00000 0.10000
9 1.00000 0.11111
10 1.00000 0.10000
6 1.00000 0.16667
10 1.00000 0.10000
9 1.00000 0.11111
9 1.00000 0.11111
6 1.00000 0.16667
10 1.00000 0.10000
4 1.00000 0.25000
4 1.00000 0.25000
6 1.00000 0.16667
8 1.00000 0.12500
10 1.00000 0.10000
10 1.00000 0.10000
9 1.00000 0.11111
11 1.00000 0.09091
6 1.00000 0.16667
5 1.00000 0.20000
8 1.00000 0.12500
10 1.00000 0.10000
7 1.00000 0.14286
11 1.00000 0.09091
10 1.00000 0.10000
10 1.00000 0.10000
5 1.00000 0.20000
5 1.00000 0.20000
11 1.00000 0.09091
9 1.00000 0.11111
10 1.00000 0.10000
10 1.00000 0.10000
8 1.00000 0.12500
7 1.00000 0.14286
11 1.00000 0.09091
4 1.00000 0.25000
8 1.00000 0.12500
10 1.00000 0.10000
6 1.00000 0.16667
10 1.00000 0.10000
9 1.00000 0.11111
8 1.00000 0.12500
8 1.00000 0.12500
12 1.00000 0.08333
6 1.00000 0.16667
11 1.00000 0.09091
5 1.00000 0.20000
8 1.00000 0.12500
12 1.00000 0.08333
12 1.00000 0.08333
11 1.00000 0.09091
11 1.00000 0.09091
12 1.00000 0.08333
12 1.00000 0.08333
11 1.00000 0.09091
12 1.00000 0.08333
12 1.00000 0.08333
9 1.00000 0.11111
6 1.00000 0.16667
7 1.00000 0.14286
13 1.00000 0.07692
10 1.00000 0.10000
12 1.00000 0.08333
13 1.00000 0.07692
13 1.00000 0.07692
12 1.00000 0.08333
13 1.00000 0.07692
13 1.00000 0.07692
5 1.00000 0.20000
5 1.00000 0.20000
13 1.00000 0.07692
12 1.00000 0.08333
8 1.00000 0.12500
11 1.00000 0.09091
8 1.00000 0.12500
10 1.00000 0.10000
9 1.00000 0.11111
3 1.00000 0.33333
10 1.00000 0.10000
11 1.00000 0.09091
13 1.00000 0.07692
14 1.00000 0.07143
14 1.00000 0.07143
6 1.00000 0.16667
13 1.00000 0.07692
6 1.00000 0.16667
14 1.00000 0.07143
10 1.00000 0.10000
14 1.00000 0.07143
11 1.00000 0.09091
13 1.00000 0.07692
13 1.00000 0.07692
14 1.00000 0.07143
11 1.00000 0.09091
4 1.00000 0.25000
3 1.00000 0.33333
12 1.00000 0.08333
14 1.00000 0.07143
14 1.00000 0.07143
14 1.00000 0.07143
15 1.00000 0.06667
4 1.00000 0.25000
14 1.00000 0.07143
12 1.00000 0.08333
15 1.00000 0.06667
12 1.00000 0.08333
15 1.00000 0.06667
12 1.00000 0.08333
4 1.00000 0.25000
12 1.00000 0.08333
15 1.00000 0.06667
6 1.00000 0.16667
15 1.00000 0.06667
3 1.00000 0.33333
3 1.00000 0.33333
15 1.00000 0.06667
8 1.00000 0.12500
8 1.00000 0.12500
8 1.00000 0.12500
8 1.00000 0.12500
7 1.00000 0.14286
16 1.00000 0.06250
6 1.00000 0.16667
6 1.00000 0.16667
16 1.00000 0.06250
16 1.00000 0.06250
16 1.00000 0.06250
16 1.00000 0.06250
13 1.00000 0.07692
5 1.00000 0.20000
14 1.00000 0.07143
7 1.00000 0.14286
16 1.00000 0.06250
7 1.00000 0.14286
6 1.00000 0.16667
15 1.00000 0.06667
16 1.00000 0.06250
7 1.00000 0.14286
16 1.00000 0.06250
17 1.00000 0.05882
8 1.00000 0.12500
17 1.00000 0.05882
17 1.00000 0.05882
6 1.00000 0.16667
7 1.00000 0.14286
16 1.00000 0.06250
13 1.00000 0.07692
7 1.00000 0.14286
17 1.00000 0.05882
11 1.00000 0.09091
18 1.00000 0.05556
17 1.00000 0.05882
18 1.00000 0.05556
13 1.00000 0.07692
17 1.00000 0.05882
14 1.00000 0.07143
3 1.00000 0.33333
9 1.00000 0.11111
8 1.00000 0.12500
16 1.00000 0.06250
11 1.00000 0.09091
18 1.00000 0.05556
19 1.00000 0.05263
3 1.00000 0.33333
8 1.00000 0.12500
6 1.00000 0.16667
15 1.00000 0.06667
15 1.00000 0.06667
7 1.00000 0.14286
4 1.00000 0.25000
19 1.00000 0.05263
3 1.00000 0.33333
3 1.00000 0.33333
18 1.00000 0.05556
3 1.00000 0.33333
8 1.00000 0.12500
18 1.00000 0.05556
16 1.00000 0.06250
13 1.00000 0.07692
11 1.00000 0.09091
19 1.00000 0.05263
8 1.00000 0.12500
12 1.00000 0.08333
20 1.00000 0.05000
17 1.00000 0.05882
4 1.00000 0.25000
4 1.00000 0.25000
20 1.00000 0.05000
8 1.00000 0.12500
5 1.00000 0.20000
7 1.00000 0.14286
14 1.00000 0.07143
17 1.00000 0.05882
12 1.00000 0.08333
16 1.00000 0.06250
8 1.00000 0.12500
4 1.00000 0.25000
8 1.00000 0.12500
16 1.00000 0.06250
16 1.00000 0.06250
13 1.00000 0.07692
19 1.00000 0.05263
7 1.00000 0.14286
4 1.00000 0.25000
14 1.00000 0.07143
9 1.00000 0.11111
18 1.00000 0.05556
18 1.00000 0.05556
14 1.00000 0.07143
21 1.00000 0.04762
12 1.00000 0.08333
9 1.00000 0.11111
23 1.00000 0.04348
23 1.00000 0.04348
13 1.00000 0.07692
15 1.00000 0.06667
12 1.00000 0.08333
13 1.00000 0.07692
20 1.00000 0.05000
7 1.00000 0.14286
18 1.00000 0.05556
21 1.00000 0.04762
8 1.00000 0.12500
20 1.00000 0.05000
18 1.00000 0.05556
24 1.00000 0.04167
25 1.00000 0.04000
21 1.00000 0.04762
20 1.00000 0.05000
25 1.00000 0.04000
6 1.00000 0.16667
15 1.00000 0.06667
15 1.00000 0.06667
20 1.00000 0.05000
20 1.00000 0.05000
6 1.00000 0.16667
16 1.00000 0.06250
14 1.00000 0.07143
9 1.00000 0.11111
11 1.00000 0.09091
7 1.00000 0.14286
19 1.00000 0.05263
26 1.00000 0.03846
24 1.00000 0.04167
19 1.00000 0.05263
25 1.00000 0.04000
8 1.00000 0.12500
23 1.00000 0.04348
26 1.00000 0.03846
5 1.00000 0.20000
11 1.00000 0.09091
25 1.00000 0.04000
25 1.00000 0.04000
25 1.00000 0.04000
25 1.00000 0.04000
19 1.00000 0.05263
26 1.00000 0.03846
25 1.00000 0.04000
27 1.00000 0.03704
25 1.00000 0.04000
23 1.00000 0.04348
7 1.00000 0.14286
8 1.00000 0.12500
22 1.00000 0.04545
22 1.00000 0.04545
7 1.00000 0.14286
8 1.00000 0.12500
27 1.00000 0.03704
8 1.00000 0.12500
7 1.00000 0.14286
13 1.00000 0.07692
25 1.00000 0.04000
23 1.00000 0.04348
3 1.00000 0.33333
3 1.00000 0.33333
3 1.00000 0.33333
8 1.00000 0.12500
4 1.00000 0.25000
27 1.00000 0.03704
6 1.00000 0.16667
14 1.00000 0.07143
15 1.00000 0.06667
25 1.00000 0.04000
25 1.00000 0.04000
27 1.00000 0.03704
8 1.00000 0.12500
11 1.00000 0.09091
14 1.00000 0.07143
11 1.00000 0.09091
25 1.00000 0.04000
14 1.00000 0.07143
16 1.00000 0.06250
8 1.00000 0.12500
27 1.00000 0.03704
30 1.00000 0.03333
5 1.00000 0.20000
12 1.00000 0.08333
10 1.00000 0.10000
26 1.00000 0.03846
26 1.00000 0.03846
30 1.00000 0.03333
25 1.00000 0.04000
30 1.00000 0.03333
21 1.00000 0.04762
3 1.00000 0.33333
29 1.00000 0.03448
15 1.00000 0.06667
14 1.00000 0.07143
8 1.00000 0.12500
31 1.00000 0.03226
3 1.00000 0.33333
11 1.00000 0.09091
32 1.00000 0.03125
17 1.00000 0.05882
10 1.00000 0.10000
7 1.00000 0.14286
26 1.00000 0.03846
29 1.00000 0.03448
7 1.00000 0.14286
27 1.00000 0.03704
27 1.00000 0.03704
28 1.00000 0.03571
25 1.00000 0.04000
25 1.00000 0.04000
3 1.00000 0.33333
22 1.00000 0.04545
19 1.00000 0.05263
34 1.00000 0.02941
32 1.00000 0.03125
33 1.00000 0.03030
17 1.00000 0.05882
31 1.00000 0.03226
3 1.00000 0.33333
33 1.00000 0.03030
4 1.00000 0.25000
4 1.00000 0.25000
33 1.00000 0.03030
28 1.00000 0.03571
25 1.00000 0.04000
34 1.00000 0.02941
33 1.00000 0.03030
33 1.00000 0.03030
9 1.00000 0.11111
12 1.00000 0.08333
13 1.00000 0.07692
13 1.00000 0.07692
32 1.00000 0.03125
36 1.00000 0.02778
33 1.00000 0.03030
22 1.00000 0.04545
22 1.00000 0.04545
22 1.00000 0.04545
22 1.00000 0.04545
22 1.00000 0.04545
35 1.00000 0.02857
35 1.00000 0.02857
33 1.00000 0.03030
36 1.00000 0.02778
11 1.00000 0.09091
22 1.00000 0.04545
11 1.00000 0.09091
6 1.00000 0.16667
31 1.00000 0.03226
31 1.00000 0.03226
25 1.00000 0.04000
18 1.00000 0.05556
26 1.00000 0.03846
22 1.00000 0.04545
36 1.00000 0.02778
11 1.00000 0.09091
6 1.00000 0.16667
7 1.00000 0.14286
22 1.00000 0.04545
30 1.00000 0.03333
6 1.00000 0.16667
37 1.00000 0.02703
37 1.00000 0.02703
33 1.00000 0.03030
22 1.00000 0.04545
38 1.00000 0.02632
22 1.00000 0.04545
22 1.00000 0.04545
22 1.00000 0.04545
6 1.00000 0.16667
6 1.00000 0.16667
3 1.00000 0.33333
3 1.00000 0.33333
3 1.00000 0.33333
3 1.00000 0.33333
3 1.00000 0.33333
3 1.00000 0.33333
8 1.00000 0.12500
4 1.00000 0.25000
36 1.00000 0.02778
19 1.00000 0.05263
19 1.00000 0.05263
43 1.00000 0.02326
27 1.00000 0.03704
6 1.00000 0.16667
3 1.00000 0.33333
19 1.00000 0.05263
15 1.00000 0.06667
19 1.00000 0.05263
19 1.00000 0.05263
19 1.00000 0.05263
8 1.00000 0.12500
8 1.00000 0.12500
10 1.00000 0.10000
6 1.00000 0.16667
9 1.00000 0.11111
19 1.00000 0.05263
9 1.00000 0.11111
7 1.00000 0.14286
19 1.00000 0.05263
11 1.00000 0.09091
12 1.00000 0.08333
36 1.00000 0.02778
9 1.00000 0.11111
44 1.00000 0.02273
47 1.00000 0.02128
20 1.00000 0.05000
20 1.00000 0.05000
28 1.00000 0.03571
27 1.00000 0.03704
12 1.00000 0.08333
42 1.00000 0.02381
47 1.00000 0.02128
47 1.00000 0.02128
39 1.00000 0.02564
9 1.00000 0.11111
22 1.00000 0.04545
44 1.00000 0.02273
45 1.00000 0.02222
45 1.00000 0.02222
45 1.00000 0.02222
42 1.00000 0.02381
45 1.00000 0.02222
10 1.00000 0.10000
25 1.00000 0.04000
5 1.00000 0.20000
35 1.00000 0.02857
22 1.00000 0.04545
13 1.00000 0.07692
3 1.00000 0.33333
35 1.00000 0.02857
28 1.00000 0.03571
45 1.00000 0.02222
45 1.00000 0.02222
28 1.00000 0.03571
5 1.00000 0.20000
42 1.00000 0.02381
36 1.00000 0.02778
52 1.00000 0.01923
41 1.00000 0.02439
41 1.00000 0.02439
41 1.00000 0.02439
16 1.00000 0.06250
22 1.00000 0.04545
3 1.00000 0.33333
6 1.00000 0.16667
5 1.00000 0.20000
3 1.00000 0.33333
5 1.00000 0.20000
3 1.00000 0.33333
46 1.00000 0.02174
46 1.00000 0.02174
23 1.00000 0.04348
11 1.00000 0.09091
22 1.00000 0.04545
22 1.00000 0.04545
8 1.00000 0.12500
8 1.00000 0.12500
4 1.00000 0.25000
50 1.00000 0.02000
50 1.00000 0.02000
50 1.00000 0.02000
24 1.00000 0.04167
22 1.00000 0.04545
3 1.00000 0.33333
5 1.00000 0.20000
22 1.00000 0.04545
42 1.00000 0.02381
11 1.00000 0.09091
24 1.00000 0.04167
56 1.00000 0.01786
10 1.00000 0.10000
55 1.00000 0.01818
42 1.00000 0.02381
4 1.00000 0.25000
41 1.00000 0.02439
52 1.00000 0.01923
6 1.00000 0.16667
13 1.00000 0.07692
13 1.00000 0.07692
22 1.00000 0.04545
42 1.00000 0.02381
61 1.00000 0.01639
9 1.00000 0.11111
10 1.00000 0.10000
17 1.00000 0.05882
16 1.00000 0.06250
12 1.00000 0.08333
3 1.00000 0.33333
20 1.00000 0.05000
34 1.00000 0.02941
42 1.00000 0.02381
12 1.00000 0.08333
27 1.00000 0.03704
7 1.00000 0.14286
33 1.00000 0.03030
42 1.00000 0.02381
6 1.00000 0.16667
6 1.00000 0.16667
32 1.00000 0.03125
13 1.00000 0.07692
12 1.00000 0.08333
8 1.00000 0.12500
42 1.00000 0.02381
42 1.00000 0.02381
9 1.00000 0.11111
51 1.00000 0.01961
42 1.00000 0.02381
5 1.00000 0.20000
66 1.00000 0.01515
6 1.00000 0.16667
23 1.00000 0.04348
22 1.00000 0.04545
14 1.00000 0.07143
11 1.00000 0.09091
14 1.00000 0.07143
11 1.00000 0.09091
23 1.00000 0.04348
7 1.00000 0.14286
62 1.00000 0.01613
22 1.00000 0.04545
62 1.00000 0.01613
3 1.00000 0.33333
5 1.00000 0.20000
5 1.00000 0.20000
13 1.00000 0.07692
32 1.00000 0.03125
32 1.00000 0.03125
14 1.00000 0.07143
4 1.00000 0.25000
21 1.00000 0.04762
42 1.00000 0.02381
66 1.00000 0.01515
66 1.00000 0.01515
32 1.00000 0.03125
66 1.00000 0.01515
55 1.00000 0.01818
23 1.00000 0.04348
3 1.00000 0.33333
42 1.00000 0.02381
7 1.00000 0.14286
6 1.00000 0.16667
42 1.00000 0.02381
3 1.00000 0.33333
6 1.00000 0.16667
42 1.00000 0.02381
12 1.00000 0.08333
4 1.00000 0.25000
42 1.00000 0.02381
11 1.00000 0.09091
10 1.00000 0.10000
10 1.00000 0.10000
7 1.00000 0.14286
7 1.00000 0.14286
7 1.00000 0.14286
11 1.00000 0.09091
6 1.00000 0.16667
11 1.00000 0.09091
7 1.00000 0.14286
73 1.00000 0.01370
74 1.00000 0.01351
70 1.00000 0.01429
42 1.00000 0.02381
9 1.00000 0.11111
71 1.00000 0.01408
10 1.00000 0.10000
24 1.00000 0.04167
27 1.00000 0.03704
12 1.00000 0.08333
9 1.00000 0.11111
72 1.00000 0.01389
46 1.00000 0.02174
13 1.00000 0.07692
9 1.00000 0.11111
11 1.00000 0.09091
9 1.00000 0.11111
47 1.00000 0.02128
47 1.00000 0.02128
28 1.00000 0.03571
9 1.00000 0.11111
60 1.00000 0.01667
60 1.00000 0.01667
18 1.00000 0.05556
18 1.00000 0.05556
3 1.00000 0.33333
3 1.00000 0.33333
15 1.00000 0.06667
6 1.00000 0.16667
32 1.00000 0.03125
83 1.00000 0.01205
26 1.00000 0.03846
83 1.00000 0.01205
4 1.00000 0.25000
3 1.00000 0.33333
3 1.00000 0.33333
11 1.00000 0.09091
52 1.00000 0.01923
7 1.00000 0.14286
71 1.00000 0.01408
8 1.00000 0.12500
6 1.00000 0.16667
36 1.00000 0.02778
52 1.00000 0.01923
7 1.00000 0.14286
11 1.00000 0.09091
11 1.00000 0.09091
5 1.00000 0.20000
3 1.00000 0.33333
39 1.00000 0.02564
17 1.00000 0.05882
11 1.00000 0.09091
3 1.00000 0.33333
19 1.00000 0.05263
10 1.00000 0.10000
47 1.00000 0.02128
94 1.00000 0.01064
10 1.00000 0.10000
8 1.00000 0.12500
10 1.00000 0.10000
8 1.00000 0.12500
3 1.00000 0.33333
3 1.00000 0.33333
36 1.00000 0.02778
30 1.00000 0.03333
10 1.00000 0.10000
6 1.00000 0.16667
6 1.00000 0.16667
9 1.00000 0.11111
9 1.00000 0.11111
42 1.00000 0.02381
13 1.00000 0.07692
12 1.00000 0.08333
3 1.00000 0.33333
3 1.00000 0.33333
9 1.00000 0.11111
9 1.00000 0.11111
18 1.00000 0.05556
83 1.00000 0.01205
3 1.00000 0.33333
3 1.00000 0.33333
4 1.00000 0.25000
6 1.00000 0.16667
33 1.00000 0.03030
4 1.00000 0.25000
4 1.00000 0.25000
91 1.00000 0.01099
91 1.00000 0.01099
11 1.00000 0.09091
24 1.00000 0.04167
4 1.00000 0.25000
4 1.00000 0.25000
4 1.00000 0.25000
18 1.00000 0.05556
8 1.00000 0.12500
90 1.00000 0.01111
15 1.00000 0.06667
4 1.00000 0.25000
4 1.00000 0.25000
4 1.00000 0.25000
50 1.00000 0.02000
15 1.00000 0.06667
13 1.00000 0.07692
11 1.00000 0.09091
11 1.00000 0.09091
3 1.00000 0.33333
7 1.00000 0.14286
17 1.00000 0.05882
12 1.00000 0.08333
3 1.00000 0.33333
11 1.00000 0.09091
11 1.00000 0.09091
4 1.00000 0.25000
117 1.00000 0.00855
7 1.00000 0.14286
4 1.00000 0.25000
4 1.00000 0.25000
4 1.00000 0.25000
4 1.00000 0.25000
4 1.00000 0.25000
4 1.00000 0.25000
13 1.00000 0.07692
11 1.00000 0.09091
46 1.00000 0.02174
9 1.00000 0.11111
46 1.00000 0.02174
46 1.00000 0.02174
31 1.00000 0.03226
25 1.00000 0.04000
23 1.00000 0.04348
9 1.00000 0.11111
25 1.00000 0.04000
9 1.00000 0.11111
7 1.00000 0.14286
4 1.00000 0.25000
9 1.00000 0.11111
6 1.00000 0.16667
46 1.00000 0.02174
15 1.00000 0.06667
6 1.00000 0.16667
8 1.00000 0.12500
19 1.00000 0.05263
3 1.00000 0.33333
46 1.00000 0.02174
11 1.00000 0.09091
3 1.00000 0.33333
8 1.00000 0.12500
47 1.00000 0.02128
9 1.00000 0.11111
46 1.00000 0.02174
3 1.00000 0.33333
33 1.00000 0.03030
17 1.00000 0.05882
16 1.00000 0.06250
11 1.00000 0.09091
9 1.00000 0.11111
6 1.00000 0.16667
4 1.00000 0.25000
4 1.00000 0.25000
6 1.00000 0.16667
6 1.00000 0.16667
74 1.00000 0.01351
13 1.00000 0.07692
10 1.00000 0.10000
5 1.00000 0.20000
34 1.00000 0.02941
18 1.00000 0.05556
46 1.00000 0.02174
3 1.00000 0.33333
4 1.00000 0.25000
30 1.00000 0.03333
20 1.00000 0.05000
5 1.00000 0.20000
46 1.00000 0.02174
13 1.00000 0.07692
7 1.00000 0.14286
7 1.00000 0.14286
7 1.00000 0.14286
7 1.00000 0.14286
7 1.00000 0.14286
7 1.00000 0.14286
13 1.00000 0.07692
5 1.00000 0.20000
104 1.00000 0.00962
23 1.00000 0.04348
23 1.00000 0.04348
41 1.00000 0.02439
14 1.00000 0.07143
7 1.00000 0.14286
46 1.00000 0.02174
12 1.00000 0.08333
25 1.00000 0.04000
22 1.00000 0.04545
3 1.00000 0.33333
23 1.00000 0.04348
12 1.00000 0.08333
8 1.00000 0.12500
4 1.00000 0.25000
31 1.00000 0.03226
41 1.00000 0.02439
10 1.00000 0.10000
4 1.00000 0.25000
4 1.00000 0.25000
5 1.00000 0.20000
4 1.00000 0.25000
46 1.00000 0.02174
5 1.00000 0.20000
11 1.00000 0.09091
11 1.00000 0.09091
11 1.00000 0.09091
7 1.00000 0.14286
7 1.00000 0.14286
4 1.00000 0.25000
4 1.00000 0.25000
4 1.00000 0.25000
113 1.00000 0.00885
138 1.00000 0.00725
138 1.00000 0.00725
10 1.00000 0.10000
10 1.00000 0.10000
5 1.00000 0.20000
7 1.00000 0.14286
7 1.00000 0.14286
12 1.00000 0.08333
7 1.00000 0.14286
15 1.00000 0.06667
3 1.00000 0.33333
13 1.00000 0.07692
16 1.00000 0.06250
16 1.00000 0.06250
4 1.00000 0.25000
4 1.00000 0.25000
3 1.00000 0.33333
28 1.00000 0.03571
54 1.00000 0.01852
35 1.00000 0.02857
13 1.00000 0.07692
9 1.00000 0.11111
8 1.00000 0.12500
7 1.00000 0.14286
4 1.00000 0.25000
10 1.00000 0.10000
10 1.00000 0.10000
10 1.00000 0.10000
10 1.00000 0.10000
10 1.00000 0.10000
10 1.00000 0.10000
28 1.00000 0.03571
10 1.00000 0.10000
8 1.00000 0.12500
4 1.00000 0.25000
17 1.00000 0.05882
14 1.00000 0.07143
25 1.00000 0.04000
47 1.00000 0.02128
9 1.00000 0.11111
3 1.00000 0.33333
52 1.00000 0.01923
7 1.00000 0.14286
16 1.00000 0.06250
10 1.00000 0.10000
11 1.00000 0.09091
8 1.00000 0.12500
3 1.00000 0.33333
9 1.00000 0.11111
3 1.00000 0.33333
18 1.00000 0.05556
6 1.00000 0.16667
8 1.00000 0.12500
4 1.00000 0.25000
3 1.00000 0.33333
22 1.00000 0.04545
3 1.00000 0.33333
6 1.00000 0.16667
6 1.00000 0.16667
3 1.00000 0.33333
4 1.00000 0.25000
7 1.00000 0.14286
7 1.00000 0.14286
7 1.00000 0.14286
3 1.00000 0.33333
29 1.00000 0.03448
27 1.00000 0.03704
12 1.00000 0.08333
6 1.00000 0.16667
9 1.00000 0.11111
5 1.00000 0.20000
4 1.00000 0.25000
46 1.00000 0.02174
16 1.00000 0.06250
16 1.00000 0.06250
4 1.00000 0.25000
12 1.00000 0.08333
7 1.00000 0.14286
6 1.00000 0.16667
7 1.00000 0.14286
7 1.00000 0.14286
12 1.00000 0.08333
7 1.00000 0.14286
7 1.00000 0.14286
7 1.00000 0.14286
8 1.00000 0.12500
3 1.00000 0.33333
23 1.00000 0.04348
12 1.00000 0.08333
7 1.00000 0.14286
57 1.00000 0.01754
21 1.00000 0.04762
9 1.00000 0.11111
12 1.00000 0.08333
6 1.00000 0.16667
4 1.00000 0.25000
11 1.00000 0.09091
4 1.00000 0.25000
91 1.00000 0.01099
4 1.00000 0.25000
7 1.00000 0.14286
7 1.00000 0.14286
11 1.00000 0.09091
5 1.00000 0.20000
4 1.00000 0.25000
30 1.00000 0.03333
9 1.00000 0.11111
9 1.00000 0.11111
11 1.00000 0.09091
3 1.00000 0.33333
11 1.00000 0.09091
6 1.00000 0.16667
6 1.00000 0.16667
19 1.00000 0.05263
12 1.00000 0.08333
7 1.00000 0.14286
4 1.00000 0.25000
7 1.00000 0.14286
31 1.00000 0.03226
29 1.00000 0.03448
4 1.00000 0.25000
4 1.00000 0.25000
4 1.00000 0.25000
4 1.00000 0.25000
4 1.00000 0.25000
4 1.00000 0.25000
4 1.00000 0.25000
9 1.00000 0.11111
3 1.00000 0.33333
7 1.00000 0.14286
9 1.00000 0.11111
5 1.00000 0.20000
5 1.00000 0.20000
13 1.00000 0.07692
7 1.00000 0.14286
30 1.00000 0.03333
7 1.00000 0.14286
119 1.00000 0.00840
13 1.00000 0.07692
9 1.00000 0.11111
4 1.00000 0.25000
4 1.00000 0.25000
15 1.00000 0.06667
7 1.00000 0.14286
5 1.00000 0.20000
13 1.00000 0.07692
9 1.00000 0.11111
6 1.00000 0.16667
11 1.00000 0.09091
51 1.00000 0.01961
3 1.00000 0.33333
6 1.00000 0.16667
5 1.00000 0.20000
8 1.00000 0.12500
4 1.00000 0.25000
42 1.00000 0.02381
42 1.00000 0.02381
3 1.00000 0.33333
9 1.00000 0.11111
8 1.00000 0.12500
8 1.00000 0.12500
7 1.00000 0.14286
18 1.00000 0.05556
13 1.00000 0.07692
51 1.00000 0.01961
5 1.00000 0.20000
3 1.00000 0.33333
11 1.00000 0.09091
47 1.00000 0.02128
90 1.00000 0.01111
32 1.00000 0.03125
6 1.00000 0.16667
6 1.00000 0.16667
7 1.00000 0.14286
104 1.00000 0.00962
48 1.00000 0.02083
7 1.00000 0.14286
7 1.00000 0.14286
16 1.00000 0.06250
4 1.00000 0.25000
11 1.00000 0.09091
6 1.00000 0.16667
3 1.00000 0.33333
8 1.00000 0.12500
3 1.00000 0.33333
4 1.00000 0.25000
17 1.00000 0.05882
4 1.00000 0.25000
44 1.00000 0.02273
4 1.00000 0.25000
3 1.00000 0.33333
44 1.00000 0.02273
5 1.00000 0.20000
3 1.00000 0.33333
34 1.00000 0.02941
9 1.00000 0.11111
7 1.00000 0.14286
4 1.00000 0.25000
3 1.00000 0.33333
3 1.00000 0.33333
3 1.00000 0.33333
50 1.00000 0.02000
41 1.00000 0.02439
6 1.00000 0.16667
46 1.00000 0.02174
21 1.00000 0.04762
18 1.00000 0.05556
11 1.00000 0.09091
14 1.00000 0.07143
6 1.00000 0.16667
31 1.00000 0.03226
31 1.00000 0.03226
4 1.00000 0.25000
4 1.00000 0.25000
4 1.00000 0.25000
28 1.00000 0.03571
10 1.00000 0.10000
8 1.00000 0.12500
4 1.00000 0.25000
26 1.00000 0.03846
4 1.00000 0.25000
4 1.00000 0.25000
19 1.00000 0.05263
14 1.00000 0.07143
4 1.00000 0.25000
4 1.00000 0.25000
20 1.00000 0.05000
18 1.00000 0.05556
42 1.00000 0.02381
13 1.00000 0.07692
9 1.00000 0.11111
7 1.00000 0.14286
7 1.00000 0.14286
47 1.00000 0.02128
4 1.00000 0.25000
3 1.00000 0.33333
19 1.00000 0.05263
14 1.00000 0.07143
14 1.00000 0.07143
3 1.00000 0.33333
8 1.00000 0.12500
51 1.00000 0.01961
19 1.00000 0.05263
8 1.00000 0.12500
7 1.00000 0.14286
3 1.00000 0.33333
13 1.00000 0.07692
13 1.00000 0.07692
42 1.00000 0.02381
12 1.00000 0.08333
11 1.00000 0.09091
13 1.00000 0.07692
13 1.00000 0.07692
3 1.00000 0.33333
11 1.00000 0.09091
5 1.00000 0.20000
46 1.00000 0.02174
13 1.00000 0.07692
3 1.00000 0.33333
33 1.00000 0.03030
3 1.00000 0.33333
3 1.00000 0.33333
17 1.00000 0.05882
8 1.00000 0.12500
5 1.00000 0.20000
66 1.00000 0.01515
45 1.00000 0.02222
25 1.00000 0.04000
11 1.00000 0.09091
9 1.00000 0.11111
8 1.00000 0.12500
9 1.00000 0.11111
9 1.00000 0.11111
8 1.00000 0.12500
6 1.00000 0.16667
9 1.00000 0.11111
3 1.00000 0.33333
61 1.00000 0.01639
28 1.00000 0.03571
17 1.00000 0.05882
12 1.00000 0.08333
10 1.00000 0.10000
18 1.00000 0.05556
4 1.00000 0.25000
32 1.00000 0.03125
24 1.00000 0.04167
15 1.00000 0.06667
33 1.00000 0.03030
23 1.00000 0.04348
16 1.00000 0.06250
5 1.00000 0.20000
6 1.00000 0.16667
35 1.00000 0.02857
12 1.00000 0.08333
9 1.00000 0.11111
6 1.00000 0.16667
5 1.00000 0.20000
52 1.00000 0.01923
45 1.00000 0.02222
34 1.00000 0.02941
8 1.00000 0.12500
6 1.00000 0.16667
52 1.00000 0.01923
45 1.00000 0.02222
34 1.00000 0.02941
8 1.00000 0.12500
6 1.00000 0.16667
9 1.00000 0.11111
10 1.00000 0.10000
9 1.00000 0.11111
12 1.00000 0.08333
4 1.00000 0.25000
3 1.00000 0.33333
9 1.00000 0.11111
6 1.00000 0.16667
4 1.00000 0.25000
5 1.00000 0.20000
3 1.00000 0.33333
25 1.00000 0.04000
12 1.00000 0.08333
25 1.00000 0.04000
14 1.00000 0.07143
12 1.00000 0.08333
11 1.00000 0.09091
14 1.00000 0.07143
8 1.00000 0.12500
4 1.00000 0.25000
8 1.00000 0.12500
3 1.00000 0.33333
9 1.00000 0.11111
9 1.00000 0.11111
25 1.00000 0.04000
9 1.00000 0.11111
7 1.00000 0.14286
6 1.00000 0.16667
5 1.00000 0.20000
8 1.00000 0.12500
12 1.00000 0.08333
12 1.00000 0.08333
5 1.00000 0.20000
8 1.00000 0.12500
8 1.00000 0.12500
14 1.00000 0.07143
10 1.00000 0.10000
4 1.00000 0.25000
3 1.00000 0.33333
7 1.00000 0.14286
11 1.00000 0.09091
17 1.00000 0.05882
11 1.00000 0.09091
9 1.00000 0.11111
51 1.00000 0.01961
11 1.00000 0.09091
11 1.00000 0.09091
9 1.00000 0.11111
27 1.00000 0.03704
23 1.00000 0.04348
10 1.00000 0.10000
9 1.00000 0.11111
5 1.00000 0.20000
5 1.00000 0.20000
31 1.00000 0.03226
31 1.00000 0.03226
18 1.00000 0.05556
22 1.00000 0.04545
6 1.00000 0.16667
8 1.00000 0.12500
7 1.00000 0.14286
8 1.00000 0.12500
7 1.00000 0.14286
22 1.00000 0.04545
9 1.00000 0.11111
3 1.00000 0.33333
12 1.00000 0.08333
11 1.00000 0.09091
6 1.00000 0.16667
5 1.00000 0.20000
74 1.00000 0.01351
28 1.00000 0.03571
3 1.00000 0.33333
8 1.00000 0.12500
7 1.00000 0.14286
6 1.00000 0.16667
6 1.00000 0.16667
3 1.00000 0.33333
3 1.00000 0.33333
23 1.00000 0.04348
8 1.00000 0.12500
11 1.00000 0.09091
21 1.00000 0.04762
6 1.00000 0.16667
6 1.00000 0.16667
34 1.00000 0.02941
11 1.00000 0.09091
11 1.00000 0.09091
11 1.00000 0.09091
11 1.00000 0.09091
11 1.00000 0.09091
6 1.00000 0.16667
43 1.00000 0.02326
28 1.00000 0.03571
27 1.00000 0.03704
23 1.00000 0.04348
9 1.00000 0.11111
8 1.00000 0.12500
7 1.00000 0.14286
3 1.00000 0.33333
18 1.00000 0.05556
5 1.00000 0.20000
12 1.00000 0.08333
41 1.00000 0.02439
18 1.00000 0.05556
11 1.00000 0.09091
8 1.00000 0.12500
3 1.00000 0.33333
14 1.00000 0.07143
7 1.00000 0.14286
11 1.00000 0.09091
18 1.00000 0.05556
17 1.00000 0.05882
5 1.00000 0.20000
4 1.00000 0.25000
3 1.00000 0.33333
7 1.00000 0.14286
16 1.00000 0.06250
6 1.00000 0.16667
47 1.00000 0.02128
30 1.00000 0.03333
15 1.00000 0.06667
42 1.00000 0.02381
12 1.00000 0.08333
4 1.00000 0.25000
34 1.00000 0.02941
18 1.00000 0.05556
6 1.00000 0.16667
4 1.00000 0.25000
20 1.00000 0.05000
20 1.00000 0.05000
20 1.00000 0.05000
8 1.00000 0.12500
8 1.00000 0.12500
26 1.00000 0.03846
7 1.00000 0.14286
6 1.00000 0.16667
4 1.00000 0.25000
4 1.00000 0.25000
3 1.00000 0.33333
91 1.00000 0.01099
27 1.00000 0.03704
10 1.00000 0.10000
12 1.00000 0.08333
17 1.00000 0.05882
3 1.00000 0.33333
3 1.00000 0.33333
9 1.00000 0.11111
3 1.00000 0.33333
17 1.00000 0.05882
11 1.00000 0.09091
22 1.00000 0.04545
11 1.00000 0.09091
21 1.00000 0.04762
17 1.00000 0.05882
14 1.00000 0.07143
17 1.00000 0.05882
5 1.00000 0.20000
32 1.00000 0.03125
13 1.00000 0.07692
32 1.00000 0.03125
13 1.00000 0.07692
8 1.00000 0.12500
3 1.00000 0.33333
6 1.00000 0.16667
3 1.00000 0.33333
11 1.00000 0.09091
9 1.00000 0.11111
9 1.00000 0.11111
5 1.00000 0.20000
4 1.00000 0.25000
4 1.00000 0.25000
7 1.00000 0.14286
6 1.00000 0.16667
39 1.00000 0.02564
11 1.00000 0.09091
3 1.00000 0.33333
9 1.00000 0.11111
9 1.00000 0.11111
8 1.00000 0.12500
5 1.00000 0.20000
6 1.00000 0.16667
90 1.00000 0.01111
16 1.00000 0.06250
26 1.00000 0.03846
25 1.00000 0.04000
10 1.00000 0.10000
9 1.00000 0.11111
8 1.00000 0.12500
9 1.00000 0.11111
4 1.00000 0.25000
4 1.00000 0.25000
3 1.00000 0.33333
34 1.00000 0.02941
9 1.00000 0.11111
8 1.00000 0.12500
22 1.00000 0.04545
8 1.00000 0.12500
3 1.00000 0.33333
3 1.00000 0.33333
21 1.00000 0.04762
14 1.00000 0.07143
25 1.00000 0.04000
4 1.00000 0.25000
25 1.00000 0.04000
25 1.00000 0.04000
22 1.00000 0.04545
4 1.00000 0.25000
56 1.00000 0.01786
14 1.00000 0.07143
33 1.00000 0.03030
14 1.00000 0.07143
9 1.00000 0.11111
7 1.00000 0.14286
33 1.00000 0.03030
20 1.00000 0.05000
6 1.00000 0.16667
6 1.00000 0.16667
41 1.00000 0.02439
20 1.00000 0.05000
18 1.00000 0.05556
9 1.00000 0.11111
5 1.00000 0.20000
9 1.00000 0.11111
4 1.00000 0.25000
11 1.00000 0.09091
10 1.00000 0.10000
10 1.00000 0.10000
14 1.00000 0.07143
3 1.00000 0.33333
5 1.00000 0.20000
25 1.00000 0.04000
22 1.00000 0.04545
6 1.00000 0.16667
3 1.00000 0.33333
8 1.00000 0.12500
6 1.00000 0.16667
5 1.00000 0.20000
23 1.00000 0.04348
9 1.00000 0.11111
8 1.00000 0.12500
8 1.00000 0.12500
8 1.00000 0.12500
8 1.00000 0.12500
8 1.00000 0.12500
8 1.00000 0.12500
8 1.00000 0.12500
8 1.00000 0.12500
8 1.00000 0.12500
6 1.00000 0.16667
36 1.00000 0.02778
30 1.00000 0.03333
15 1.00000 0.06667
13 1.00000 0.07692
10 1.00000 0.10000
54 1.00000 0.01852
35 1.00000 0.02857
9 1.00000 0.11111
45 1.00000 0.02222
11 1.00000 0.09091
8 1.00000 0.12500
7 1.00000 0.14286
11 1.00000 0.09091
11 1.00000 0.09091
12 1.00000 0.08333
6 1.00000 0.16667
10 1.00000 0.10000
9 1.00000 0.11111
42 1.00000 0.02381
13 1.00000 0.07692
12 1.00000 0.08333
8 1.00000 0.12500
8 1.00000 0.12500
7 1.00000 0.14286
4 1.00000 0.25000
6 1.00000 0.16667
117 1.00000 0.00855
19 1.00000 0.05263
18 1.00000 0.05556
10 1.00000 0.10000
31 1.00000 0.03226
4 1.00000 0.25000
3 1.00000 0.33333
15 1.00000 0.06667
7 1.00000 0.14286
8 1.00000 0.12500
7 1.00000 0.14286
4 1.00000 0.25000
7 1.00000 0.14286
5 1.00000 0.20000
6 1.00000 0.16667
3 1.00000 0.33333
20 1.00000 0.05000
17 1.00000 0.05882
16 1.00000 0.06250
16 1.00000 0.06250
8 1.00000 0.12500
5 1.00000 0.20000
4 1.00000 0.25000
3 1.00000 0.33333
3 1.00000 0.33333
44 1.00000 0.02273
30 1.00000 0.03333
27 1.00000 0.03704
16 1.00000 0.06250
16 1.00000 0.06250
32 1.00000 0.03125
6 1.00000 0.16667
6 1.00000 0.16667
15 1.00000 0.06667
28 1.00000 0.03571
17 1.00000 0.05882
3 1.00000 0.33333
3 1.00000 0.33333
5 1.00000 0.20000
20 1.00000 0.05000
18 1.00000 0.05556
16 1.00000 0.06250
3 1.00000 0.33333
4 1.00000 0.25000
10 1.00000 0.10000
52 1.00000 0.01923
7 1.00000 0.14286
52 1.00000 0.01923
7 1.00000 0.14286
25 1.00000 0.04000
22 1.00000 0.04545
30 1.00000 0.03333
6 1.00000 0.16667
13 1.00000 0.07692
12 1.00000 0.08333
10 1.00000 0.10000
8 1.00000 0.12500
8 1.00000 0.12500
7 1.00000 0.14286
4 1.00000 0.25000
13 1.00000 0.07692
12 1.00000 0.08333
10 1.00000 0.10000
8 1.00000 0.12500
8 1.00000 0.12500
7 1.00000 0.14286
4 1.00000 0.25000
4 1.00000 0.25000
7 1.00000 0.14286
3 1.00000 0.33333
8 1.00000 0.12500
6 1.00000 0.16667
9 1.00000 0.11111
3 1.00000 0.33333
3 1.00000 0.33333
42 1.00000 0.02381
13 1.00000 0.07692
12 1.00000 0.08333
7 1.00000 0.14286
9 1.00000 0.11111
3 1.00000 0.33333
8 1.00000 0.12500
3 1.00000 0.33333
7 1.00000 0.14286
3 1.00000 0.33333
42 1.00000 0.02381
13 1.00000 0.07692
12 1.00000 0.08333
9 1.00000 0.11111
8 1.00000 0.12500
4 1.00000 0.25000
15 1.00000 0.06667
3 1.00000 0.33333
10 1.00000 0.10000
10 1.00000 0.10000
7 1.00000 0.14286
19 1.00000 0.05263
6 1.00000 0.16667
5 1.00000 0.20000
3 1.00000 0.33333
8 1.00000 0.12500
4 1.00000 0.25000
10 1.00000 0.10000
11 1.00000 0.09091
8 1.00000 0.12500
8 1.00000 0.12500
22 1.00000 0.04545
16 1.00000 0.06250
8 1.00000 0.12500
18 1.00000 0.05556
52 1.00000 0.01923
45 1.00000 0.02222
34 1.00000 0.02941
8 1.00000 0.12500
7 1.00000 0.14286
7 1.00000 0.14286
6 1.00000 0.16667
66 1.00000 0.01515
35 1.00000 0.02857
6 1.00000 0.16667
34 1.00000 0.02941
18 1.00000 0.05556
4 1.00000 0.25000
8 1.00000 0.12500
7 1.00000 0.14286
8 1.00000 0.12500
7 1.00000 0.14286
3 1.00000 0.33333
4 1.00000 0.25000
16 1.00000 0.06250
10 1.00000 0.10000
9 1.00000 0.11111
7 1.00000 0.14286
6 1.00000 0.16667
5 1.00000 0.20000
4 1.00000 0.25000
4 1.00000 0.25000
7 1.00000 0.14286
52 1.00000 0.01923
41 1.00000 0.02439
26 1.00000 0.03846
14 1.00000 0.07143
12 1.00000 0.08333
11 1.00000 0.09091
7 1.00000 0.14286
5 1.00000 0.20000
9 1.00000 0.11111
6 1.00000 0.16667
5 1.00000 0.20000
4 1.00000 0.25000
6 1.00000 0.16667
6 1.00000 0.16667
6 1.00000 0.16667
138 1.00000 0.00725
72 1.00000 0.01389
47 1.00000 0.02128
20 1.00000 0.05000
14 1.00000 0.07143
10 1.00000 0.10000
3 1.00000 0.33333
3 1.00000 0.33333
6 1.00000 0.16667
24 1.00000 0.04167
14 1.00000 0.07143
9 1.00000 0.11111
5 1.00000 0.20000
13 1.00000 0.07692
10 1.00000 0.10000
7 1.00000 0.14286
5 1.00000 0.20000
3 1.00000 0.33333
3 1.00000 0.33333
29 1.00000 0.03448
27 1.00000 0.03704
12 1.00000 0.08333
8 1.00000 0.12500
6 1.00000 0.16667
9 1.00000 0.11111
6 1.00000 0.16667
5 1.00000 0.20000
7 1.00000 0.14286
6 1.00000 0.16667
5 1.00000 0.20000
33 1.00000 0.03030
3 1.00000 0.33333
7 1.00000 0.14286
7 1.00000 0.14286
6 1.00000 0.16667
6 1.00000 0.16667
62 1.00000 0.01613
24 1.00000 0.04167
19 1.00000 0.05263
8 1.00000 0.12500
8 1.00000 0.12500
5 1.00000 0.20000
33 1.00000 0.03030
7 1.00000 0.14286
3 1.00000 0.33333
8 1.00000 0.12500
8 1.00000 0.12500
6 1.00000 0.16667
24 1.00000 0.04167
37 1.00000 0.02703
12 1.00000 0.08333
9 1.00000 0.11111
6 1.00000 0.16667
6 1.00000 0.16667
5 1.00000 0.20000
71 1.00000 0.01408
21 1.00000 0.04762
11 1.00000 0.09091
9 1.00000 0.11111
7 1.00000 0.14286
6 1.00000 0.16667
3 1.00000 0.33333
7 1.00000 0.14286
4 1.00000 0.25000
7 1.00000 0.14286
4 1.00000 0.25000
3 1.00000 0.33333
28 1.00000 0.03571
17 1.00000 0.05882
9 1.00000 0.11111
19 1.00000 0.05263
14 1.00000 0.07143
6 1.00000 0.16667
5 1.00000 0.20000
18 1.00000 0.05556
6 1.00000 0.16667
3 1.00000 0.33333
27 1.00000 0.03704
17 1.00000 0.05882
14 1.00000 0.07143
9 1.00000 0.11111
7 1.00000 0.14286
33 1.00000 0.03030
16 1.00000 0.06250
10 1.00000 0.10000
8 1.00000 0.12500
8 1.00000 0.12500
12 1.00000 0.08333
20 1.00000 0.05000
20 1.00000 0.05000
9 1.00000 0.11111
6 1.00000 0.16667
5 1.00000 0.20000
4 1.00000 0.25000
3 1.00000 0.33333
3 1.00000 0.33333
20 1.00000 0.05000
20 1.00000 0.05000
13 1.00000 0.07692
12 1.00000 0.08333
7 1.00000 0.14286
42 1.00000 0.02381
12 1.00000 0.08333
7 1.00000 0.14286
7 1.00000 0.14286
25 1.00000 0.04000
34 1.00000 0.02941
11 1.00000 0.09091
3 1.00000 0.33333
8 1.00000 0.12500
3 1.00000 0.33333
25 1.00000 0.04000
22 1.00000 0.04545
6 1.00000 0.16667
35 1.00000 0.02857
26 1.00000 0.03846
24 1.00000 0.04167
14 1.00000 0.07143
9 1.00000 0.11111
5 1.00000 0.20000
9 1.00000 0.11111
9 1.00000 0.11111
8 1.00000 0.12500
7 1.00000 0.14286
6 1.00000 0.16667
6 1.00000 0.16667
14 1.00000 0.07143
13 1.00000 0.07692
7 1.00000 0.14286
4 1.00000 0.25000
36 1.00000 0.02778
20 1.00000 0.05000
7 1.00000 0.14286
3 1.00000 0.33333
6 1.00000 0.16667
5 1.00000 0.20000
5 1.00000 0.20000
3 1.00000 0.33333
16 1.00000 0.06250
14 1.00000 0.07143
11 1.00000 0.09091
9 1.00000 0.11111
9 1.00000 0.11111
8 1.00000 0.12500
7 1.00000 0.14286
6 1.00000 0.16667
5 1.00000 0.20000
3 1.00000 0.33333
3 1.00000 0.33333
25 1.00000 0.04000
22 1.00000 0.04545
8 1.00000 0.12500
8 1.00000 0.12500
8 1.00000 0.12500
9 1.00000 0.11111
9 1.00000 0.11111
9 1.00000 0.11111
9 1.00000 0.11111
9 1.00000 0.11111
7 1.00000 0.14286
7 1.00000 0.14286
4 1.00000 0.25000
3 1.00000 0.33333
18 1.00000 0.05556
15 1.00000 0.06667
4 1.00000 0.25000
26 1.00000 0.03846
4 1.00000 0.25000
3 1.00000 0.33333
6 1.00000 0.16667
4 1.00000 0.25000
3 1.00000 0.33333
26 1.00000 0.03846
18 1.00000 0.05556
16 1.00000 0.06250
12 1.00000 0.08333
12 1.00000 0.08333
11 1.00000 0.09091
8 1.00000 0.12500
6 1.00000 0.16667
4 1.00000 0.25000
3 1.00000 0.33333
6 1.00000 0.16667
5 1.00000 0.20000
6 1.00000 0.16667
5 1.00000 0.20000
15 1.00000 0.06667
47 1.00000 0.02128
28 1.00000 0.03571
5 1.00000 0.20000
3 1.00000 0.33333
10 1.00000 0.10000
3 1.00000 0.33333
3 1.00000 0.33333
10 1.00000 0.10000
3 1.00000 0.33333
3 1.00000 0.33333
17 1.00000 0.05882
4 1.00000 0.25000
17 1.00000 0.05882
3 1.00000 0.33333
23 1.00000 0.04348
19 1.00000 0.05263
14 1.00000 0.07143
10 1.00000 0.10000
9 1.00000 0.11111
6 1.00000 0.16667
14 1.00000 0.07143
9 1.00000 0.11111
6 1.00000 0.16667
34 1.00000 0.02941
27 1.00000 0.03704
17 1.00000 0.05882
31 1.00000 0.03226
14 1.00000 0.07143
3 1.00000 0.33333
11 1.00000 0.09091
11 1.00000 0.09091
15 1.00000 0.06667
12 1.00000 0.08333
10 1.00000 0.10000
3 1.00000 0.33333
34 1.00000 0.02941
5 1.00000 0.20000
6 1.00000 0.16667
3 1.00000 0.33333
3 1.00000 0.33333
4 1.00000 0.25000
13 1.00000 0.07692
3 1.00000 0.33333
3 1.00000 0.33333
3 1.00000 0.33333
3 1.00000 0.33333
4 1.00000 0.25000
4 1.00000 0.25000
13 1.00000 0.07692
11 1.00000 0.09091
9 1.00000 0.11111
4 1.00000 0.25000
3 1.00000 0.33333
3 1.00000 0.33333
13 1.00000 0.07692
6 1.00000 0.16667
6 1.00000 0.16667
5 1.00000 0.20000
4 1.00000 0.25000
4 1.00000 0.25000
3 1.00000 0.33333
3 1.00000 0.33333
52 1.00000 0.01923
34 1.00000 0.02941
25 1.00000 0.04000
8 1.00000 0.12500
7 1.00000 0.14286
3 1.00000 0.33333
3 1.00000 0.33333
11 1.00000 0.09091
14 1.00000 0.07143
10 1.00000 0.10000
7 1.00000 0.14286
15 1.00000 0.06667
4 1.00000 0.25000
3 1.00000 0.33333
58 1.00000 0.01724
12 1.00000 0.08333
6 1.00000 0.16667
8 1.00000 0.12500
8 1.00000 0.12500
47 1.00000 0.02128
7 1.00000 0.14286
3 1.00000 0.33333
8 1.00000 0.12500
3 1.00000 0.33333
7 1.00000 0.14286
5 1.00000 0.20000
4 1.00000 0.25000
52 1.00000 0.01923
43 1.00000 0.02326
37 1.00000 0.02703
7 1.00000 0.14286
7 1.00000 0.14286
6 1.00000 0.16667
3 1.00000 0.33333
31 1.00000 0.03226
21 1.00000 0.04762
14 1.00000 0.07143
3 1.00000 0.33333
11 1.00000 0.09091
32 1.00000 0.03125
8 1.00000 0.12500
32 1.00000 0.03125
8 1.00000 0.12500
4 1.00000 0.25000
6 1.00000 0.16667
6 1.00000 0.16667
11 1.00000 0.09091
6 1.00000 0.16667
94 1.00000 0.01064
66 1.00000 0.01515
32 1.00000 0.03125
24 1.00000 0.04167
17 1.00000 0.05882
11 1.00000 0.09091
9 1.00000 0.11111
8 1.00000 0.12500
13 1.00000 0.07692
3 1.00000 0.33333
7 1.00000 0.14286
3 1.00000 0.33333
7 1.00000 0.14286
3 1.00000 0.33333
6 1.00000 0.16667
3 1.00000 0.33333
3 1.00000 0.33333
26 1.00000 0.03846
10 1.00000 0.10000
8 1.00000 0.12500
11 1.00000 0.09091
6 1.00000 0.16667
7 1.00000 0.14286
3 1.00000 0.33333
8 1.00000 0.12500
4 1.00000 0.25000
4 1.00000 0.25000
14 1.00000 0.07143
8 1.00000 0.12500
15 1.00000 0.06667
6 1.00000 0.16667
29 1.00000 0.03448
27 1.00000 0.03704
12 1.00000 0.08333
8 1.00000 0.12500
6 1.00000 0.16667
10 1.00000 0.10000
8 1.00000 0.12500
7 1.00000 0.14286
8 1.00000 0.12500
7 1.00000 0.14286
25 1.00000 0.04000
22 1.00000 0.04545
8 1.00000 0.12500
14 1.00000 0.07143
10 1.00000 0.10000
13 1.00000 0.07692
12 1.00000 0.08333
11 1.00000 0.09091
8 1.00000 0.12500
6 1.00000 0.16667
3 1.00000 0.33333
31 1.00000 0.03226
19 1.00000 0.05263
16 1.00000 0.06250
11 1.00000 0.09091
11 1.00000 0.09091
8 1.00000 0.12500
12 1.00000 0.08333
4 1.00000 0.25000
4 1.00000 0.25000
11 1.00000 0.09091
13 1.00000 0.07692
11 1.00000 0.09091
11 1.00000 0.09091
10 1.00000 0.10000
8 1.00000 0.12500
8 1.00000 0.12500
7 1.00000 0.14286
6 1.00000 0.16667
6 1.00000 0.16667
5 1.00000 0.20000
4 1.00000 0.25000
3 1.00000 0.33333
3 1.00000 0.33333
6 1.00000 0.16667
6 1.00000 0.16667
20 1.00000 0.05000
12 1.00000 0.08333
7 1.00000 0.14286
6 1.00000 0.16667
3 1.00000 0.33333
43 1.00000 0.02326
10 1.00000 0.10000
51 1.00000 0.01961
13 1.00000 0.07692
11 1.00000 0.09091
4 1.00000 0.25000
14 1.00000 0.07143
11 1.00000 0.09091
8 1.00000 0.12500
7 1.00000 0.14286
3 1.00000 0.33333
17 1.00000 0.05882
16 1.00000 0.06250
14 1.00000 0.07143
10 1.00000 0.10000
9 1.00000 0.11111
7 1.00000 0.14286
20 1.00000 0.05000
19 1.00000 0.05263
11 1.00000 0.09091
7 1.00000 0.14286
20 1.00000 0.05000
19 1.00000 0.05263
11 1.00000 0.09091
3 1.00000 0.33333
3 1.00000 0.33333
3 1.00000 0.33333
3 1.00000 0.33333
3 1.00000 0.33333
3 1.00000 0.33333
3 1.00000 0.33333
3 1.00000 0.33333
3 1.00000 0.33333
17 1.00000 0.05882
16 1.00000 0.06250
7 1.00000 0.14286
7 1.00000 0.14286
7 1.00000 0.14286
6 1.00000 0.16667
6 1.00000 0.16667
3 1.00000 0.33333
6 1.00000 0.16667
3 1.00000 0.33333
5 1.00000 0.20000
6 1.00000 0.16667
4 1.00000 0.25000
4 1.00000 0.25000
5 1.00000 0.20000
6 1.00000 0.16667
5 1.00000 0.20000
3 1.00000 0.33333
5 1.00000 0.20000
3 1.00000 0.33333
9 1.00000 0.11111
3 1.00000 0.33333
20 1.00000 0.05000
10 1.00000 0.10000
8 1.00000 0.12500
4 1.00000 0.25000
4 1.00000 0.25000
20 1.00000 0.05000
10 1.00000 0.10000
8 1.00000 0.12500
4 1.00000 0.25000
6 1.00000 0.16667
7 1.00000 0.14286
6 1.00000 0.16667
36 1.00000 0.02778
11 1.00000 0.09091
26 1.00000 0.03846
12 1.00000 0.08333
11 1.00000 0.09091
10 1.00000 0.10000
8 1.00000 0.12500
7 1.00000 0.14286
7 1.00000 0.14286
41 1.00000 0.02439
7 1.00000 0.14286
6 1.00000 0.16667
3 1.00000 0.33333
3 1.00000 0.33333
6 1.00000 0.16667
4 1.00000 0.25000
3 1.00000 0.33333
60 1.00000 0.01667
21 1.00000 0.04762
3 1.00000 0.33333
27 1.00000 0.03704
23 1.00000 0.04348
7 1.00000 0.14286
6 1.00000 0.16667
9 1.00000 0.11111
4 1.00000 0.25000
3 1.00000 0.33333
3 1.00000 0.33333
3 1.00000 0.33333
3 1.00000 0.33333
10 1.00000 0.10000
10 1.00000 0.10000
10 1.00000 0.10000
10 1.00000 0.10000
10 1.00000 0.10000
10 1.00000 0.10000
23 1.00000 0.04348
18 1.00000 0.05556
14 1.00000 0.07143
8 1.00000 0.12500
8 1.00000 0.12500
20 1.00000 0.05000
19 1.00000 0.05263
11 1.00000 0.09091
3 1.00000 0.33333
3 1.00000 0.33333
8 1.00000 0.12500
8 1.00000 0.12500
3 1.00000 0.33333
6 1.00000 0.16667
3 1.00000 0.33333
5 1.00000 0.20000
4 1.00000 0.25000
20 1.00000 0.05000
19 1.00000 0.05263
11 1.00000 0.09091
14 1.00000 0.07143
6 1.00000 0.16667
28 1.00000 0.03571
36 1.00000 0.02778
14 1.00000 0.07143
11 1.00000 0.09091
8 1.00000 0.12500
6 1.00000 0.16667
6 1.00000 0.16667
3 1.00000 0.33333
3 1.00000 0.33333
7 1.00000 0.14286
9 1.00000 0.11111
7 1.00000 0.14286
6 1.00000 0.16667
3 1.00000 0.33333
3 1.00000 0.33333
3 1.00000 0.33333
3 1.00000 0.33333
14 1.00000 0.07143
7 1.00000 0.14286
5 1.00000 0.20000
3 1.00000 0.33333
5 1.00000 0.20000
6 1.00000 0.16667
9 1.00000 0.11111
4 1.00000 0.25000
4 1.00000 0.25000
8 1.00000 0.12500
5 1.00000 0.20000
12 1.00000 0.08333
12 1.00000 0.08333
10 1.00000 0.10000
9 1.00000 0.11111
14 1.00000 0.07143
10 1.00000 0.10000
10 1.00000 0.10000
20 1.00000 0.05000
10 1.00000 0.10000
20 1.00000 0.05000
10 1.00000 0.10000
10 1.00000 0.10000
6 1.00000 0.16667
7 1.00000 0.14286
3 1.00000 0.33333
8 1.00000 0.12500
3 1.00000 0.33333
3 1.00000 0.33333
7 1.00000 0.14286
8 1.00000 0.12500
8 1.00000 0.12500
18 1.00000 0.05556
12 1.00000 0.08333
11 1.00000 0.09091
5 1.00000 0.20000
3 1.00000 0.33333
13 1.00000 0.07692
13 1.00000 0.07692
12 1.00000 0.08333
12 1.00000 0.08333
8 1.00000 0.12500
4 1.00000 0.25000
14 1.00000 0.07143
14 1.00000 0.07143
11 1.00000 0.09091
11 1.00000 0.09091
3 1.00000 0.33333
3 1.00000 0.33333
5 1.00000 0.20000
3 1.00000 0.33333
27 1.00000 0.03704
26 1.00000 0.03846
8 1.00000 0.12500
7 1.00000 0.14286
7 1.00000 0.14286
6 1.00000 0.16667
6 1.00000 0.16667
5 1.00000 0.20000
4 1.00000 0.25000
4 1.00000 0.25000
3 1.00000 0.33333
3 1.00000 0.33333
3 1.00000 0.33333
5 1.00000 0.20000
3 1.00000 0.33333
14 1.00000 0.07143
3 1.00000 0.33333
15 1.00000 0.06667
7 1.00000 0.14286
25 1.00000 0.04000
3 1.00000 0.33333
8 1.00000 0.12500
5 1.00000 0.20000
4 1.00000 0.25000
3 1.00000 0.33333
3 1.00000 0.33333
3 1.00000 0.33333
3 1.00000 0.33333
18 1.00000 0.05556
12 1.00000 0.08333
11 1.00000 0.09091
5 1.00000 0.20000
3 1.00000 0.33333
6 1.00000 0.16667
3 1.00000 0.33333
3 1.00000 0.33333
3 1.00000 0.33333
3 1.00000 0.33333
17 1.00000 0.05882
13 1.00000 0.07692
14 1.00000 0.07143
7 1.00000 0.14286
5 1.00000 0.20000
9 1.00000 0.11111
3 1.00000 0.33333
3 1.00000 0.33333
34 1.00000 0.02941
46 1.00000 0.02174
32 1.00000 0.03125
18 1.00000 0.05556
5 1.00000 0.20000
3 1.00000 0.33333
3 1.00000 0.33333
6 1.00000 0.16667
6 1.00000 0.16667
6 1.00000 0.16667
6 1.00000 0.16667
5 1.00000 0.20000
8 1.00000 0.12500
3 1.00000 0.33333
9 1.00000 0.11111
3 1.00000 0.33333
3 1.00000 0.33333
9 1.00000 0.11111
6 1.00000 0.16667
3 1.00000 0.33333
4 1.00000 0.25000
4 1.00000 0.25000
32 1.00000 0.03125
5 1.00000 0.20000
8 1.00000 0.12500
7 1.00000 0.14286
6 1.00000 0.16667
5 1.00000 0.20000
96 1.00000 0.01042
13 1.00000 0.07692
7 1.00000 0.14286
4 1.00000 0.25000
4 1.00000 0.25000
3 1.00000 0.33333
7 1.00000 0.14286
11 1.00000 0.09091
8 1.00000 0.12500
7 1.00000 0.14286
69 1.00000 0.01449
25 1.00000 0.04000
22 1.00000 0.04545
16 1.00000 0.06250
12 1.00000 0.08333
10 1.00000 0.10000
9 1.00000 0.11111
7 1.00000 0.14286
6 1.00000 0.16667
4 1.00000 0.25000
3 1.00000 0.33333
3 1.00000 0.33333
3 1.00000 0.33333
6 1.00000 0.16667
17 1.00000 0.05882
5 1.00000 0.20000
3 1.00000 0.33333
28 1.00000 0.03571
21 1.00000 0.04762
9 1.00000 0.11111
3 1.00000 0.33333
52 1.00000 0.01923
45 1.00000 0.02222
37 1.00000 0.02703
25 1.00000 0.04000
7 1.00000 0.14286
7 1.00000 0.14286
6 1.00000 0.16667
3 1.00000 0.33333
25 1.00000 0.04000
13 1.00000 0.07692
8 1.00000 0.12500
3 1.00000 0.33333
3 1.00000 0.33333
3 1.00000 0.33333
3 1.00000 0.33333
3 1.00000 0.33333
11 1.00000 0.09091
8 1.00000 0.12500
7 1.00000 0.14286
6 1.00000 0.16667
11 1.00000 0.09091
4 1.00000 0.25000
6 1.00000 0.16667
62 1.00000 0.01613
55 1.00000 0.01818
4 1.00000 0.25000
6 1.00000 0.16667
3 1.00000 0.33333
3 1.00000 0.33333
47 1.00000 0.02128
27 1.00000 0.03704
15 1.00000 0.06667
14 1.00000 0.07143
11 1.00000 0.09091
11 1.00000 0.09091
4 1.00000 0.25000
22 1.00000 0.04545
13 1.00000 0.07692
13 1.00000 0.07692
12 1.00000 0.08333
4 1.00000 0.25000
3 1.00000 0.33333
7 1.00000 0.14286
5 1.00000 0.20000
3 1.00000 0.33333
4 1.00000 0.25000
3 1.00000 0.33333
7 1.00000 0.14286
3 1.00000 0.33333
6 1.00000 0.16667
3 1.00000 0.33333
3 1.00000 0.33333
3 1.00000 0.33333
5 1.00000 0.20000
51 1.00000 0.01961
12 1.00000 0.08333
4 1.00000 0.25000
15 1.00000 0.06667
7 1.00000 0.14286
3 1.00000 0.33333
7 1.00000 0.14286
11 1.00000 0.09091
4 1.00000 0.25000
3 1.00000 0.33333
49 1.00000 0.02041
27 1.00000 0.03704
25 1.00000 0.04000
16 1.00000 0.06250
14 1.00000 0.07143
10 1.00000 0.10000
7 1.00000 0.14286
3 1.00000 0.33333
154 1.00000 0.00649
118 1.00000 0.00847
81 1.00000 0.01235
35 1.00000 0.02857
30 1.00000 0.03333
25 1.00000 0.04000
21 1.00000 0.04762
21 1.00000 0.04762
18 1.00000 0.05556
10 1.00000 0.10000
10 1.00000 0.10000
16 1.00000 0.06250
14 1.00000 0.07143
11 1.00000 0.09091
9 1.00000 0.11111
9 1.00000 0.11111
8 1.00000 0.12500
7 1.00000 0.14286
6 1.00000 0.16667
5 1.00000 0.20000
4 1.00000 0.25000
7 1.00000 0.14286
20 1.00000 0.05000
16 1.00000 0.06250
14 1.00000 0.07143
12 1.00000 0.08333
12 1.00000 0.08333
11 1.00000 0.09091
7 1.00000 0.14286
4 1.00000 0.25000
8 1.00000 0.12500
5 1.00000 0.20000
39 1.00000 0.02564
36 1.00000 0.02778
36 1.00000 0.02778
19 1.00000 0.05263
6 1.00000 0.16667
9 1.00000 0.11111
7 1.00000 0.14286
3 1.00000 0.33333
3 1.00000 0.33333
9 1.00000 0.11111
3 1.00000 0.33333
11 1.00000 0.09091
7 1.00000 0.14286
4 1.00000 0.25000
68 1.00000 0.01471
25 1.00000 0.04000
19 1.00000 0.05263
17 1.00000 0.05882
7 1.00000 0.14286
4 1.00000 0.25000
25 1.00000 0.04000
7 1.00000 0.14286
6 1.00000 0.16667
6 1.00000 0.16667
5 1.00000 0.20000
5 1.00000 0.20000
5 1.00000 0.20000
3 1.00000 0.33333
52 1.00000 0.01923
11 1.00000 0.09091
7 1.00000 0.14286
13 1.00000 0.07692
12 1.00000 0.08333
11 1.00000 0.09091
10 1.00000 0.10000
9 1.00000 0.11111
9 1.00000 0.11111
8 1.00000 0.12500
8 1.00000 0.12500
8 1.00000 0.12500
7 1.00000 0.14286
6 1.00000 0.16667
6 1.00000 0.16667
6 1.00000 0.16667
6 1.00000 0.16667
5 1.00000 0.20000
5 1.00000 0.20000
5 1.00000 0.20000
4 1.00000 0.25000
3 1.00000 0.33333
9 1.00000 0.11111
7 1.00000 0.14286
3 1.00000 0.33333
8 1.00000 0.12500
10 1.00000 0.10000
3 1.00000 0.33333
7 1.00000 0.14286
3 1.00000 0.33333
3 1.00000 0.33333
11 1.00000 0.09091
83 1.00000 0.01205
55 1.00000 0.01818
16 1.00000 0.06250
3 1.00000 0.33333
3 1.00000 0.33333
6 1.00000 0.16667
7 1.00000 0.14286
10 1.00000 0.10000
5 1.00000 0.20000
4 1.00000 0.25000
4 1.00000 0.25000
10 1.00000 0.10000
5 1.00000 0.20000
4 1.00000 0.25000
4 1.00000 0.25000
3 1.00000 0.33333
41 1.00000 0.02439
25 1.00000 0.04000
23 1.00000 0.04348
11 1.00000 0.09091
15 1.00000 0.06667
21 1.00000 0.04762
3 1.00000 0.33333
108 1.00000 0.00926
32 1.00000 0.03125
17 1.00000 0.05882
9 1.00000 0.11111
8 1.00000 0.12500
7 1.00000 0.14286
8 1.00000 0.12500
5 1.00000 0.20000
3 1.00000 0.33333
3 1.00000 0.33333
3 1.00000 0.33333
3 1.00000 0.33333
3 1.00000 0.33333
34 1.00000 0.02941
4 1.00000 0.25000
3 1.00000 0.33333
6 1.00000 0.16667
3 1.00000 0.33333
3 1.00000 0.33333
13 1.00000 0.07692
11 1.00000 0.09091
11 1.00000 0.09091
10 1.00000 0.10000
9 1.00000 0.11111
9 1.00000 0.11111
8 1.00000 0.12500
8 1.00000 0.12500
8 1.00000 0.12500
7 1.00000 0.14286
6 1.00000 0.16667
6 1.00000 0.16667
6 1.00000 0.16667
6 1.00000 0.16667
6 1.00000 0.16667
5 1.00000 0.20000
5 1.00000 0.20000
4 1.00000 0.25000
3 1.00000 0.33333
3 1.00000 0.33333
33 1.00000 0.03030
20 1.00000 0.05000
20 1.00000 0.05000
16 1.00000 0.06250
13 1.00000 0.07692
13 1.00000 0.07692
11 1.00000 0.09091
11 1.00000 0.09091
11 1.00000 0.09091
10 1.00000 0.10000
5 1.00000 0.20000
5 1.00000 0.20000
4 1.00000 0.25000
36 1.00000 0.02778
35 1.00000 0.02857
33 1.00000 0.03030
32 1.00000 0.03125
30 1.00000 0.03333
19 1.00000 0.05263
14 1.00000 0.07143
13 1.00000 0.07692
11 1.00000 0.09091
11 1.00000 0.09091
8 1.00000 0.12500
6 1.00000 0.16667
21 1.00000 0.04762
3 1.00000 0.33333
6 1.00000 0.16667
6 1.00000 0.16667
5 1.00000 0.20000
3 1.00000 0.33333
18 1.00000 0.05556
11 1.00000 0.09091
18 1.00000 0.05556
4 1.00000 0.25000
11 1.00000 0.09091
10 1.00000 0.10000
6 1.00000 0.16667
5 1.00000 0.20000
5 1.00000 0.20000
5 1.00000 0.20000
4 1.00000 0.25000
4 1.00000 0.25000
3 1.00000 0.33333
4 1.00000 0.25000
4 1.00000 0.25000
52 1.00000 0.01923
7 1.00000 0.14286
68 1.00000 0.01471
25 1.00000 0.04000
25 1.00000 0.04000
19 1.00000 0.05263
17 1.00000 0.05882
10 1.00000 0.10000
8 1.00000 0.12500
7 1.00000 0.14286
4 1.00000 0.25000
10 1.00000 0.10000
9 1.00000 0.11111
6 1.00000 0.16667
5 1.00000 0.20000
4 1.00000 0.25000
3 1.00000 0.33333
3 1.00000 0.33333
4 1.00000 0.25000
3 1.00000 0.33333
31 1.00000 0.03226
11 1.00000 0.09091
6 1.00000 0.16667
3 1.00000 0.33333
4 1.00000 0.25000
43 1.00000 0.02326
7 1.00000 0.14286
9 1.00000 0.11111
8 1.00000 0.12500
7 1.00000 0.14286
4 1.00000 0.25000
4 1.00000 0.25000
3 1.00000 0.33333
3 1.00000 0.33333
6 1.00000 0.16667
6 1.00000 0.16667
6 1.00000 0.16667
6 1.00000 0.16667
6 1.00000 0.16667
6 1.00000 0.16667
7 1.00000 0.14286
5 1.00000 0.20000
5 1.00000 0.20000
4 1.00000 0.25000
3 1.00000 0.33333
3 1.00000 0.33333
9 1.00000 0.11111
25 1.00000 0.04000
3 1.00000 0.33333
27 1.00000 0.03704
3 1.00000 0.33333
21 1.00000 0.04762
12 1.00000 0.08333
6 1.00000 0.16667
9 1.00000 0.11111
43 1.00000 0.02326
13 1.00000 0.07692
12 1.00000 0.08333
10 1.00000 0.10000
3 1.00000 0.33333
6 1.00000 0.16667
27 1.00000 0.03704
3 1.00000 0.33333
113 1.00000 0.00885
94 1.00000 0.01064
32 1.00000 0.03125
24 1.00000 0.04167
17 1.00000 0.05882
12 1.00000 0.08333
9 1.00000 0.11111
8 1.00000 0.12500
8 1.00000 0.12500
3 1.00000 0.33333
3 1.00000 0.33333
4 1.00000 0.25000
19 1.00000 0.05263
10 1.00000 0.10000
7 1.00000 0.14286
3 1.00000 0.33333
6 1.00000 0.16667
6 1.00000 0.16667
6 1.00000 0.16667
7 1.00000 0.14286
7 1.00000 0.14286
3 1.00000 0.33333
28 1.00000 0.03571
9 1.00000 0.11111
7 1.00000 0.14286
6 1.00000 0.16667
6 1.00000 0.16667
5 1.00000 0.20000
3 1.00000 0.33333
3 1.00000 0.33333
4 1.00000 0.25000
26 1.00000 0.03846
7 1.00000 0.14286
6 1.00000 0.16667
5 1.00000 0.20000
5 1.00000 0.20000
5 1.00000 0.20000
4 1.00000 0.25000
3 1.00000 0.33333
21 1.00000 0.04762
12 1.00000 0.08333
6 1.00000 0.16667
3 1.00000 0.33333
3 1.00000 0.33333
3 1.00000 0.33333
3 1.00000 0.33333
3 1.00000 0.33333
3 1.00000 0.33333
6 1.00000 0.16667
3 1.00000 0.33333
3 1.00000 0.33333
69 1.00000 0.01449
25 1.00000 0.04000
17 1.00000 0.05882
12 1.00000 0.08333
9 1.00000 0.11111
7 1.00000 0.14286
6 1.00000 0.16667
4 1.00000 0.25000
3 1.00000 0.33333
3 1.00000 0.33333
3 1.00000 0.33333
34 1.00000 0.02941
6 1.00000 0.16667
3 1.00000 0.33333
3 1.00000 0.33333
3 1.00000 0.33333
6 1.00000 0.16667
5 1.00000 0.20000
8 1.00000 0.12500
8 1.00000 0.12500
6 1.00000 0.16667
3 1.00000 0.33333
3 1.00000 0.33333
6 1.00000 0.16667
3 1.00000 0.33333
3 1.00000 0.33333
3 1.00000 0.33333
4 1.00000 0.25000
4 1.00000 0.25000
3 1.00000 0.33333
3 1.00000 0.33333
3 1.00000 0.33333
5 1.00000 0.20000
4 1.00000 0.25000
10 1.00000 0.10000
8 1.00000 0.12500
8 1.00000 0.12500
6 1.00000 0.16667
3 1.00000 0.33333
3 1.00000 0.33333
6 1.00000 0.16667
143 1.00000 0.00699
97 1.00000 0.01031
32 1.00000 0.03125
15 1.00000 0.06667
13 1.00000 0.07692
12 1.00000 0.08333
10 1.00000 0.10000
9 1.00000 0.11111
9 1.00000 0.11111
9 1.00000 0.11111
8 1.00000 0.12500
7 1.00000 0.14286
7 1.00000 0.14286
6 1.00000 0.16667
6 1.00000 0.16667
17 1.00000 0.05882
3 1.00000 0.33333
6 1.00000 0.16667
3 1.00000 0.33333
6 1.00000 0.16667
3 1.00000 0.33333
8 1.00000 0.12500
4 1.00000 0.25000
32 1.00000 0.03125
28 1.00000 0.03571
8 1.00000 0.12500
3 1.00000 0.33333
3 1.00000 0.33333
7 1.00000 0.14286
3 1.00000 0.33333
7 1.00000 0.14286
3 1.00000 0.33333
85 1.00000 0.01176
60 1.00000 0.01667
55 1.00000 0.01818
9 1.00000 0.11111
4 1.00000 0.25000
14 1.00000 0.07143
13 1.00000 0.07692
10 1.00000 0.10000
10 1.00000 0.10000
10 1.00000 0.10000
8 1.00000 0.12500
7 1.00000 0.14286
7 1.00000 0.14286
6 1.00000 0.16667
6 1.00000 0.16667
4 1.00000 0.25000
3 1.00000 0.33333
3 1.00000 0.33333
3 1.00000 0.33333
3 1.00000 0.33333
3 1.00000 0.33333
23 1.00000 0.04348
13 1.00000 0.07692
12 1.00000 0.08333
11 1.00000 0.09091
6 1.00000 0.16667
5 1.00000 0.20000
3 1.00000 0.33333
69 1.00000 0.01449
25 1.00000 0.04000
17 1.00000 0.05882
12 1.00000 0.08333
10 1.00000 0.10000
9 1.00000 0.11111
9 1.00000 0.11111
7 1.00000 0.14286
6 1.00000 0.16667
3 1.00000 0.33333
3 1.00000 0.33333
3 1.00000 0.33333
3 1.00000 0.33333
3 1.00000 0.33333
3 1.00000 0.33333
3 1.00000 0.33333
4 1.00000 0.25000
76 1.00000 0.01316
27 1.00000 0.03704
9 1.00000 0.11111
4 1.00000 0.25000
6 1.00000 0.16667
107 1.00000 0.00935
13 1.00000 0.07692
8 1.00000 0.12500
7 1.00000 0.14286
107 1.00000 0.00935
13 1.00000 0.07692
8 1.00000 0.12500
7 1.00000 0.14286
19 1.00000 0.05263
10 1.00000 0.10000
7 1.00000 0.14286
7 1.00000 0.14286
3 1.00000 0.33333
37 1.00000 0.02703
36 1.00000 0.02778
20 1.00000 0.05000
11 1.00000 0.09091
10 1.00000 0.10000
6 1.00000 0.16667
6 1.00000 0.16667
3 1.00000 0.33333
3 1.00000 0.33333
6 1.00000 0.16667
4 1.00000 0.25000
4 1.00000 0.25000
6 1.00000 0.16667
5 1.00000 0.20000
6 1.00000 0.16667
5 1.00000 0.20000
6 1.00000 0.16667
6 1.00000 0.16667
6 1.00000 0.16667
16 1.00000 0.06250
13 1.00000 0.07692
12 1.00000 0.08333
11 1.00000 0.09091
10 1.00000 0.10000
6 1.00000 0.16667
4 1.00000 0.25000
3 1.00000 0.33333
3 1.00000 0.33333
13 1.00000 0.07692
13 1.00000 0.07692
10 1.00000 0.10000
8 1.00000 0.12500
7 1.00000 0.14286
7 1.00000 0.14286
6 1.00000 0.16667
6 1.00000 0.16667
6 1.00000 0.16667
5 1.00000 0.20000
4 1.00000 0.25000
4 1.00000 0.25000
4 1.00000 0.25000
3 1.00000 0.33333
3 1.00000 0.33333
17 1.00000 0.05882
16 1.00000 0.06250
10 1.00000 0.10000
9 1.00000 0.11111
9 1.00000 0.11111
8 1.00000 0.12500
6 1.00000 0.16667
5 1.00000 0.20000
5 1.00000 0.20000
3 1.00000 0.33333
3 1.00000 0.33333
3 1.00000 0.33333
3 1.00000 0.33333
10 1.00000 0.10000
10 1.00000 0.10000
5 1.00000 0.20000
14 1.00000 0.07143
15 1.00000 0.06667
5 1.00000 0.20000
4 1.00000 0.25000
9 1.00000 0.11111
11 1.00000 0.09091
8 1.00000 0.12500
6 1.00000 0.16667
5 1.00000 0.20000
3 1.00000 0.33333
3 1.00000 0.33333
3 1.00000 0.33333
3 1.00000 0.33333
3 1.00000 0.33333
6 1.00000 0.16667
9 1.00000 0.11111
5 1.00000 0.20000
3 1.00000 0.33333
3 1.00000 0.33333
5 1.00000 0.20000
3 1.00000 0.33333
3 1.00000 0.33333
3 1.00000 0.33333
14 1.00000 0.07143
6 1.00000 0.16667
49 1.00000 0.02041
43 1.00000 0.02326
41 1.00000 0.02439
11 1.00000 0.09091
9 1.00000 0.11111
8 1.00000 0.12500
66 1.00000 0.01515
45 1.00000 0.02222
41 1.00000 0.02439
21 1.00000 0.04762
21 1.00000 0.04762
10 1.00000 0.10000
7 1.00000 0.14286
4 1.00000 0.25000
4 1.00000 0.25000
3 1.00000 0.33333
62 1.00000 0.01613
24 1.00000 0.04167
11 1.00000 0.09091
8 1.00000 0.12500
6 1.00000 0.16667
5 1.00000 0.20000
4 1.00000 0.25000
3 1.00000 0.33333
3 1.00000 0.33333
8 1.00000 0.12500
8 1.00000 0.12500
4 1.00000 0.25000
4 1.00000 0.25000
4 1.00000 0.25000
3 1.00000 0.33333
18 1.00000 0.05556
6 1.00000 0.16667
26 1.00000 0.03846
3 1.00000 0.33333
28 1.00000 0.03571
17 1.00000 0.05882
15 1.00000 0.06667
11 1.00000 0.09091
6 1.00000 0.16667
6 1.00000 0.16667
7 1.00000 0.14286
4 1.00000 0.25000
28 1.00000 0.03571
25 1.00000 0.04000
13 1.00000 0.07692
11 1.00000 0.09091
10 1.00000 0.10000
8 1.00000 0.12500
7 1.00000 0.14286
6 1.00000 0.16667
28 1.00000 0.03571
25 1.00000 0.04000
13 1.00000 0.07692
11 1.00000 0.09091
10 1.00000 0.10000
8 1.00000 0.12500
7 1.00000 0.14286
6 1.00000 0.16667
36 1.00000 0.02778
8 1.00000 0.12500
11 1.00000 0.09091
10 1.00000 0.10000
8 1.00000 0.12500
5 1.00000 0.20000
10 1.00000 0.10000
3 1.00000 0.33333
11 1.00000 0.09091
10 1.00000 0.10000
8 1.00000 0.12500
7 1.00000 0.14286
6 1.00000 0.16667
6 1.00000 0.16667
5 1.00000 0.20000
5 1.00000 0.20000
4 1.00000 0.25000
4 1.00000 0.25000
4 1.00000 0.25000
4 1.00000 0.25000
3 1.00000 0.33333
21 1.00000 0.04762
3 1.00000 0.33333
34 1.00000 0.02941
16 1.00000 0.06250
16 1.00000 0.06250
14 1.00000 0.07143
13 1.00000 0.07692
13 1.00000 0.07692
11 1.00000 0.09091
10 1.00000 0.10000
8 1.00000 0.12500
8 1.00000 0.12500
6 1.00000 0.16667
6 1.00000 0.16667
5 1.00000 0.20000
4 1.00000 0.25000
4 1.00000 0.25000
3 1.00000 0.33333
3 1.00000 0.33333
7 1.00000 0.14286
3 1.00000 0.33333
9 1.00000 0.11111
4 1.00000 0.25000
3 1.00000 0.33333
26 1.00000 0.03846
49 1.00000 0.02041
47 1.00000 0.02128
35 1.00000 0.02857
34 1.00000 0.02941
27 1.00000 0.03704
27 1.00000 0.03704
25 1.00000 0.04000
17 1.00000 0.05882
14 1.00000 0.07143
10 1.00000 0.10000
5 1.00000 0.20000
16 1.00000 0.06250
13 1.00000 0.07692
11 1.00000 0.09091
10 1.00000 0.10000
7 1.00000 0.14286
7 1.00000 0.14286
6 1.00000 0.16667
4 1.00000 0.25000
3 1.00000 0.33333
3 1.00000 0.33333
29 1.00000 0.03448
27 1.00000 0.03704
20 1.00000 0.05000
12 1.00000 0.08333
11 1.00000 0.09091
10 1.00000 0.10000
8 1.00000 0.12500
8 1.00000 0.12500
6 1.00000 0.16667
4 1.00000 0.25000
39 1.00000 0.02564
34 1.00000 0.02941
20 1.00000 0.05000
20 1.00000 0.05000
16 1.00000 0.06250
14 1.00000 0.07143
13 1.00000 0.07692
11 1.00000 0.09091
11 1.00000 0.09091
11 1.00000 0.09091
5 1.00000 0.20000
5 1.00000 0.20000
4 1.00000 0.25000
9 1.00000 0.11111
5 1.00000 0.20000
4 1.00000 0.25000
4 1.00000 0.25000
4 1.00000 0.25000
4 1.00000 0.25000
3 1.00000 0.33333
3 1.00000 0.33333
11 1.00000 0.09091
5 1.00000 0.20000
8 1.00000 0.12500
4 1.00000 0.25000
7 1.00000 0.14286
14 1.00000 0.07143
6 1.00000 0.16667
11 1.00000 0.09091
8 1.00000 0.12500
3 1.00000 0.33333
15 1.00000 0.06667
4 1.00000 0.25000
8 1.00000 0.12500
4 1.00000 0.25000
8 1.00000 0.12500
6 1.00000 0.16667
6 1.00000 0.16667
10 1.00000 0.10000
8 1.00000 0.12500
7 1.00000 0.14286
6 1.00000 0.16667
6 1.00000 0.16667
3 1.00000 0.33333
25 1.00000 0.04000
7 1.00000 0.14286
7 1.00000 0.14286
3 1.00000 0.33333
3 1.00000 0.33333
7 1.00000 0.14286
10 1.00000 0.10000
3 1.00000 0.33333
11 1.00000 0.09091
34 1.00000 0.02941
31 1.00000 0.03226
14 1.00000 0.07143
8 1.00000 0.12500
3 1.00000 0.33333
3 1.00000 0.33333
46 1.00000 0.02174
21 1.00000 0.04762
11 1.00000 0.09091
10 1.00000 0.10000
6 1.00000 0.16667
16 1.00000 0.06250
4 1.00000 0.25000
8 1.00000 0.12500
4 1.00000 0.25000
4 1.00000 0.25000
4 1.00000 0.25000
3 1.00000 0.33333
32 1.00000 0.03125
11 1.00000 0.09091
5 1.00000 0.20000
4 1.00000 0.25000
4 1.00000 0.25000
28 1.00000 0.03571
13 1.00000 0.07692
10 1.00000 0.10000
8 1.00000 0.12500
8 1.00000 0.12500
7 1.00000 0.14286
6 1.00000 0.16667
6 1.00000 0.16667
6 1.00000 0.16667
5 1.00000 0.20000
5 1.00000 0.20000
4 1.00000 0.25000
4 1.00000 0.25000
4 1.00000 0.25000
3 1.00000 0.33333
3 1.00000 0.33333
3 1.00000 0.33333
10 1.00000 0.10000
5 1.00000 0.20000
3 1.00000 0.33333
139 1.00000 0.00719
96 1.00000 0.01042
72 1.00000 0.01389
61 1.00000 0.01639
50 1.00000 0.02000
47 1.00000 0.02128
45 1.00000 0.02222
33 1.00000 0.03030
30 1.00000 0.03333
28 1.00000 0.03571
28 1.00000 0.03571
27 1.00000 0.03704
26 1.00000 0.03846
25 1.00000 0.04000
23 1.00000 0.04348
21 1.00000 0.04762
20 1.00000 0.05000
19 1.00000 0.05263
17 1.00000 0.05882
17 1.00000 0.05882
15 1.00000 0.06667
15 1.00000 0.06667
14 1.00000 0.07143
13 1.00000 0.07692
12 1.00000 0.08333
11 1.00000 0.09091
10 1.00000 0.10000
10 1.00000 0.10000
10 1.00000 0.10000
10 1.00000 0.10000
10 1.00000 0.10000
10 1.00000 0.10000
9 1.00000 0.11111
9 1.00000 0.11111
8 1.00000 0.12500
4 1.00000 0.25000
26 1.00000 0.03846
10 1.00000 0.10000
5 1.00000 0.20000
5 1.00000 0.20000
4 1.00000 0.25000
3 1.00000 0.33333
6 1.00000 0.16667
25 1.00000 0.04000
17 1.00000 0.05882
16 1.00000 0.06250
14 1.00000 0.07143
13 1.00000 0.07692
10 1.00000 0.10000
9 1.00000 0.11111
9 1.00000 0.11111
8 1.00000 0.12500
6 1.00000 0.16667
6 1.00000 0.16667
5 1.00000 0.20000
5 1.00000 0.20000
4 1.00000 0.25000
3 1.00000 0.33333
3 1.00000 0.33333
3 1.00000 0.33333
3 1.00000 0.33333
23 1.00000 0.04348
14 1.00000 0.07143
12 1.00000 0.08333
8 1.00000 0.12500
6 1.00000 0.16667
5 1.00000 0.20000
3 1.00000 0.33333
34 1.00000 0.02941
17 1.00000 0.05882
10 1.00000 0.10000
8 1.00000 0.12500
5 1.00000 0.20000
4 1.00000 0.25000
3 1.00000 0.33333
11 1.00000 0.09091
7 1.00000 0.14286
5 1.00000 0.20000
5 1.00000 0.20000
4 1.00000 0.25000
3 1.00000 0.33333
3 1.00000 0.33333
3 1.00000 0.33333
3 1.00000 0.33333
3 1.00000 0.33333
16 1.00000 0.06250
15 1.00000 0.06667
8 1.00000 0.12500
6 1.00000 0.16667
5 1.00000 0.20000
4 1.00000 0.25000
133 1.00000 0.00752
46 1.00000 0.02174
41 1.00000 0.02439
36 1.00000 0.02778
33 1.00000 0.03030
23 1.00000 0.04348
22 1.00000 0.04545
21 1.00000 0.04762
20 1.00000 0.05000
19 1.00000 0.05263
18 1.00000 0.05556
18 1.00000 0.05556
18 1.00000 0.05556
18 1.00000 0.05556
16 1.00000 0.06250
13 1.00000 0.07692
12 1.00000 0.08333
12 1.00000 0.08333
11 1.00000 0.09091
10 1.00000 0.10000
10 1.00000 0.10000
9 1.00000 0.11111
9 1.00000 0.11111
11 1.00000 0.09091
5 1.00000 0.20000
23 1.00000 0.04348
17 1.00000 0.05882
11 1.00000 0.09091
10 1.00000 0.10000
8 1.00000 0.12500
7 1.00000 0.14286
3 1.00000 0.33333
3 1.00000 0.33333
8 1.00000 0.12500
7 1.00000 0.14286
5 1.00000 0.20000
4 1.00000 0.25000
9 1.00000 0.11111
264 1.00000 0.00379
83 1.00000 0.01205
49 1.00000 0.02041
30 1.00000 0.03333
17 1.00000 0.05882
16 1.00000 0.06250
15 1.00000 0.06667
6 1.00000 0.16667
11 1.00000 0.09091
7 1.00000 0.14286
38 1.00000 0.02632
21 1.00000 0.04762
20 1.00000 0.05000
12 1.00000 0.08333
6 1.00000 0.16667
4 1.00000 0.25000
14 1.00000 0.07143
27 1.00000 0.03704
18 1.00000 0.05556
10 1.00000 0.10000
10 1.00000 0.10000
5 1.00000 0.20000
3 1.00000 0.33333
3 1.00000 0.33333
6 1.00000 0.16667
6 1.00000 0.16667
4 1.00000 0.25000
22 1.00000 0.04545
9 1.00000 0.11111
11 1.00000 0.09091
7 1.00000 0.14286
7 1.00000 0.14286
5 1.00000 0.20000
5 1.00000 0.20000
5 1.00000 0.20000
4 1.00000 0.25000
4 1.00000 0.25000
3 1.00000 0.33333
3 1.00000 0.33333
3 1.00000 0.33333
6 1.00000 0.16667
22 1.00000 0.04545
16 1.00000 0.06250
14 1.00000 0.07143
9 1.00000 0.11111
7 1.00000 0.14286
6 1.00000 0.16667
4 1.00000 0.25000
3 1.00000 0.33333
4 1.00000 0.25000
3 1.00000 0.33333
13 1.00000 0.07692
5 1.00000 0.20000
3 1.00000 0.33333
11 1.00000 0.09091
9 1.00000 0.11111
7 1.00000 0.14286
6 1.00000 0.16667
6 1.00000 0.16667
4 1.00000 0.25000
5 1.00000 0.20000
63 1.00000 0.01587
58 1.00000 0.01724
58 1.00000 0.01724
28 1.00000 0.03571
25 1.00000 0.04000
18 1.00000 0.05556
16 1.00000 0.06250
11 1.00000 0.09091
11 1.00000 0.09091
9 1.00000 0.11111
7 1.00000 0.14286
6 1.00000 0.16667
5 1.00000 0.20000
57 1.00000 0.01754
37 1.00000 0.02703
32 1.00000 0.03125
21 1.00000 0.04762
14 1.00000 0.07143
12 1.00000 0.08333
11 1.00000 0.09091
8 1.00000 0.12500
6 1.00000 0.16667
6 1.00000 0.16667
6 1.00000 0.16667
5 1.00000 0.20000
4 1.00000 0.25000
4 1.00000 0.25000
4 1.00000 0.25000
3 1.00000 0.33333
3 1.00000 0.33333
10 1.00000 0.10000
6 1.00000 0.16667
4 1.00000 0.25000
3 1.00000 0.33333
26 1.00000 0.03846
26 1.00000 0.03846
12 1.00000 0.08333
11 1.00000 0.09091
10 1.00000 0.10000
10 1.00000 0.10000
8 1.00000 0.12500
7 1.00000 0.14286
7 1.00000 0.14286
5 1.00000 0.20000
5 1.00000 0.20000
4 1.00000 0.25000
3 1.00000 0.33333
24 1.00000 0.04167
22 1.00000 0.04545
16 1.00000 0.06250
14 1.00000 0.07143
10 1.00000 0.10000
4 1.00000 0.25000
52 1.00000 0.01923
10 1.00000 0.10000
7 1.00000 0.14286
3 1.00000 0.33333
3 1.00000 0.33333
3 1.00000 0.33333
3 1.00000 0.33333
7 1.00000 0.14286
6 1.00000 0.16667
34 1.00000 0.02941
17 1.00000 0.05882
10 1.00000 0.10000
9 1.00000 0.11111
8 1.00000 0.12500
7 1.00000 0.14286
7 1.00000 0.14286
6 1.00000 0.16667
4 1.00000 0.25000
3 1.00000 0.33333
3 1.00000 0.33333
14 1.00000 0.07143
4 1.00000 0.25000
3 1.00000 0.33333
7 1.00000 0.14286
3 1.00000 0.33333
7 1.00000 0.14286
3 1.00000 0.33333
7 1.00000 0.14286
3 1.00000 0.33333
7 1.00000 0.14286
3 1.00000 0.33333
7 1.00000 0.14286
3 1.00000 0.33333
15 1.00000 0.06667
3 1.00000 0.33333
6 1.00000 0.16667
5 1.00000 0.20000
6 1.00000 0.16667
5 1.00000 0.20000
51 1.00000 0.01961
44 1.00000 0.02273
43 1.00000 0.02326
33 1.00000 0.03030
32 1.00000 0.03125
31 1.00000 0.03226
29 1.00000 0.03448
27 1.00000 0.03704
25 1.00000 0.04000
23 1.00000 0.04348
22 1.00000 0.04545
19 1.00000 0.05263
16 1.00000 0.06250
12 1.00000 0.08333
9 1.00000 0.11111
6 1.00000 0.16667
6 1.00000 0.16667
5 1.00000 0.20000
7 1.00000 0.14286
32 1.00000 0.03125
15 1.00000 0.06667
8 1.00000 0.12500
8 1.00000 0.12500
4 1.00000 0.25000
3 1.00000 0.33333
3 1.00000 0.33333
3 1.00000 0.33333
3 1.00000 0.33333
3 1.00000 0.33333
3 1.00000 0.33333
26 1.00000 0.03846
19 1.00000 0.05263
14 1.00000 0.07143
10 1.00000 0.10000
10 1.00000 0.10000
6 1.00000 0.16667
4 1.00000 0.25000
3 1.00000 0.33333
6 1.00000 0.16667
3 1.00000 0.33333
13 1.00000 0.07692
13 1.00000 0.07692
11 1.00000 0.09091
11 1.00000 0.09091
10 1.00000 0.10000
8 1.00000 0.12500
8 1.00000 0.12500
7 1.00000 0.14286
7 1.00000 0.14286
6 1.00000 0.16667
6 1.00000 0.16667
6 1.00000 0.16667
5 1.00000 0.20000
5 1.00000 0.20000
5 1.00000 0.20000
5 1.00000 0.20000
4 1.00000 0.25000
4 1.00000 0.25000
4 1.00000 0.25000
3 1.00000 0.33333
3 1.00000 0.33333
46 1.00000 0.02174
34 1.00000 0.02941
27 1.00000 0.03704
25 1.00000 0.04000
21 1.00000 0.04762
20 1.00000 0.05000
17 1.00000 0.05882
17 1.00000 0.05882
14 1.00000 0.07143
8 1.00000 0.12500
5 1.00000 0.20000
5 1.00000 0.20000
4 1.00000 0.25000
21 1.00000 0.04762
18 1.00000 0.05556
18 1.00000 0.05556
3 1.00000 0.33333
29 1.00000 0.03448
16 1.00000 0.06250
13 1.00000 0.07692
11 1.00000 0.09091
10 1.00000 0.10000
9 1.00000 0.11111
7 1.00000 0.14286
7 1.00000 0.14286
6 1.00000 0.16667
5 1.00000 0.20000
5 1.00000 0.20000
4 1.00000 0.25000
3 1.00000 0.33333
22 1.00000 0.04545
6 1.00000 0.16667
6 1.00000 0.16667
6 1.00000 0.16667
6 1.00000 0.16667
4 1.00000 0.25000
3 1.00000 0.33333
4 1.00000 0.25000
4 1.00000 0.25000
3 1.00000 0.33333
3 1.00000 0.33333
5 1.00000 0.20000
52 1.00000 0.01923
45 1.00000 0.02222
10 1.00000 0.10000
7 1.00000 0.14286
6 1.00000 0.16667
3 1.00000 0.33333
22 1.00000 0.04545
8 1.00000 0.12500
6 1.00000 0.16667
6 1.00000 0.16667
9 1.00000 0.11111
6 1.00000 0.16667
5 1.00000 0.20000
5 1.00000 0.20000
5 1.00000 0.20000
4 1.00000 0.25000
9 1.00000 0.11111
6 1.00000 0.16667
5 1.00000 0.20000
5 1.00000 0.20000
5 1.00000 0.20000
4 1.00000 0.25000
20 1.00000 0.05000
12 1.00000 0.08333
9 1.00000 0.11111
8 1.00000 0.12500
8 1.00000 0.12500
7 1.00000 0.14286
6 1.00000 0.16667
4 1.00000 0.25000
4 1.00000 0.25000
20 1.00000 0.05000
12 1.00000 0.08333
9 1.00000 0.11111
8 1.00000 0.12500
8 1.00000 0.12500
7 1.00000 0.14286
6 1.00000 0.16667
4 1.00000 0.25000
4 1.00000 0.25000
20 1.00000 0.05000
12 1.00000 0.08333
9 1.00000 0.11111
8 1.00000 0.12500
8 1.00000 0.12500
7 1.00000 0.14286
6 1.00000 0.16667
4 1.00000 0.25000
4 1.00000 0.25000
6 1.00000 0.16667
27 1.00000 0.03704
20 1.00000 0.05000
11 1.00000 0.09091
10 1.00000 0.10000
8 1.00000 0.12500
8 1.00000 0.12500
8 1.00000 0.12500
7 1.00000 0.14286
6 1.00000 0.16667
4 1.00000 0.25000
58 1.00000 0.01724
47 1.00000 0.02128
20 1.00000 0.05000
14 1.00000 0.07143
11 1.00000 0.09091
11 1.00000 0.09091
7 1.00000 0.14286
5 1.00000 0.20000
5 1.00000 0.20000
4 1.00000 0.25000
31 1.00000 0.03226
23 1.00000 0.04348
11 1.00000 0.09091
10 1.00000 0.10000
8 1.00000 0.12500
8 1.00000 0.12500
4 1.00000 0.25000
4 1.00000 0.25000
3 1.00000 0.33333
3 1.00000 0.33333
7 1.00000 0.14286
5 1.00000 0.20000
4 1.00000 0.25000
16 1.00000 0.06250
14 1.00000 0.07143
10 1.00000 0.10000
9 1.00000 0.11111
9 1.00000 0.11111
9 1.00000 0.11111
8 1.00000 0.12500
7 1.00000 0.14286
7 1.00000 0.14286
7 1.00000 0.14286
6 1.00000 0.16667
20 1.00000 0.05000
3 1.00000 0.33333
3 1.00000 0.33333
154 1.00000 0.00649
133 1.00000 0.00752
83 1.00000 0.01205
68 1.00000 0.01471
58 1.00000 0.01724
50 1.00000 0.02000
42 1.00000 0.02381
42 1.00000 0.02381
35 1.00000 0.02857
30 1.00000 0.03333
21 1.00000 0.04762
21 1.00000 0.04762
21 1.00000 0.04762
21 1.00000 0.04762
18 1.00000 0.05556
14 1.00000 0.07143
10 1.00000 0.10000
10 1.00000 0.10000
10 1.00000 0.10000
9 1.00000 0.11111
7 1.00000 0.14286
4 1.00000 0.25000
3 1.00000 0.33333
37 1.00000 0.02703
12 1.00000 0.08333
11 1.00000 0.09091
6 1.00000 0.16667
6 1.00000 0.16667
6 1.00000 0.16667
5 1.00000 0.20000
4 1.00000 0.25000
4 1.00000 0.25000
3 1.00000 0.33333
3 1.00000 0.33333
3 1.00000 0.33333
22 1.00000 0.04545
11 1.00000 0.09091
4 1.00000 0.25000
11 1.00000 0.09091
5 1.00000 0.20000
3 1.00000 0.33333
32 1.00000 0.03125
11 1.00000 0.09091
69 1.00000 0.01449
40 1.00000 0.02500
31 1.00000 0.03226
28 1.00000 0.03571
25 1.00000 0.04000
25 1.00000 0.04000
16 1.00000 0.06250
14 1.00000 0.07143
11 1.00000 0.09091
11 1.00000 0.09091
10 1.00000 0.10000
10 1.00000 0.10000
10 1.00000 0.10000
10 1.00000 0.10000
8 1.00000 0.12500
8 1.00000 0.12500
8 1.00000 0.12500
7 1.00000 0.14286
6 1.00000 0.16667
6 1.00000 0.16667
6 1.00000 0.16667
6 1.00000 0.16667
6 1.00000 0.16667
5 1.00000 0.20000
5 1.00000 0.20000
4 1.00000 0.25000
4 1.00000 0.25000
4 1.00000 0.25000
3 1.00000 0.33333
3 1.00000 0.33333
9 1.00000 0.11111
4 1.00000 0.25000
3 1.00000 0.33333
152 1.00000 0.00658
120 1.00000 0.00833
33 1.00000 0.03030
28 1.00000 0.03571
23 1.00000 0.04348
8 1.00000 0.12500
7 1.00000 0.14286
6 1.00000 0.16667
3 1.00000 0.33333
3 1.00000 0.33333
37 1.00000 0.02703
27 1.00000 0.03704
24 1.00000 0.04167
23 1.00000 0.04348
21 1.00000 0.04762
17 1.00000 0.05882
16 1.00000 0.06250
15 1.00000 0.06667
13 1.00000 0.07692
11 1.00000 0.09091
11 1.00000 0.09091
9 1.00000 0.11111
5 1.00000 0.20000
4 1.00000 0.25000
4 1.00000 0.25000
4 1.00000 0.25000
13 1.00000 0.07692
9 1.00000 0.11111
6 1.00000 0.16667
6 1.00000 0.16667
3 1.00000 0.33333
18 1.00000 0.05556
14 1.00000 0.07143
11 1.00000 0.09091
8 1.00000 0.12500
6 1.00000 0.16667
3 1.00000 0.33333
18 1.00000 0.05556
14 1.00000 0.07143
11 1.00000 0.09091
8 1.00000 0.12500
6 1.00000 0.16667
3 1.00000 0.33333
96 1.00000 0.01042
61 1.00000 0.01639
44 1.00000 0.02273
33 1.00000 0.03030
30 1.00000 0.03333
25 1.00000 0.04000
23 1.00000 0.04348
23 1.00000 0.04348
22 1.00000 0.04545
20 1.00000 0.05000
17 1.00000 0.05882
16 1.00000 0.06250
14 1.00000 0.07143
11 1.00000 0.09091
11 1.00000 0.09091
10 1.00000 0.10000
10 1.00000 0.10000
10 1.00000 0.10000
9 1.00000 0.11111
8 1.00000 0.12500
5 1.00000 0.20000
6 1.00000 0.16667
3 1.00000 0.33333
3 1.00000 0.33333
3 1.00000 0.33333
3 1.00000 0.33333
3 1.00000 0.33333
3 1.00000 0.33333
15 1.00000 0.06667
3 1.00000 0.33333
3 1.00000 0.33333
7 1.00000 0.14286
4 1.00000 0.25000
3 1.00000 0.33333
3 1.00000 0.33333
26 1.00000 0.03846
23 1.00000 0.04348
19 1.00000 0.05263
14 1.00000 0.07143
7 1.00000 0.14286
5 1.00000 0.20000
3 1.00000 0.33333
3 1.00000 0.33333
4 1.00000 0.25000
25 1.00000 0.04000
8 1.00000 0.12500
7 1.00000 0.14286
6 1.00000 0.16667
6 1.00000 0.16667
3 1.00000 0.33333
3 1.00000 0.33333
25 1.00000 0.04000
22 1.00000 0.04545
3 1.00000 0.33333
25 1.00000 0.04000
8 1.00000 0.12500
7 1.00000 0.14286
6 1.00000 0.16667
6 1.00000 0.16667
3 1.00000 0.33333
25 1.00000 0.04000
8 1.00000 0.12500
7 1.00000 0.14286
6 1.00000 0.16667
6 1.00000 0.16667
3 1.00000 0.33333
9 1.00000 0.11111
8 1.00000 0.12500
8 1.00000 0.12500
3 1.00000 0.33333
3 1.00000 0.33333
26 1.00000 0.03846
22 1.00000 0.04545
17 1.00000 0.05882
15 1.00000 0.06667
10 1.00000 0.10000
10 1.00000 0.10000
10 1.00000 0.10000
9 1.00000 0.11111
8 1.00000 0.12500
8 1.00000 0.12500
7 1.00000 0.14286
6 1.00000 0.16667
6 1.00000 0.16667
5 1.00000 0.20000
5 1.00000 0.20000
5 1.00000 0.20000
5 1.00000 0.20000
4 1.00000 0.25000
4 1.00000 0.25000
4 1.00000 0.25000
3 1.00000 0.33333
3 1.00000 0.33333
60 1.00000 0.01667
41 1.00000 0.02439
31 1.00000 0.03226
17 1.00000 0.05882
16 1.00000 0.06250
9 1.00000 0.11111
8 1.00000 0.12500
6 1.00000 0.16667
5 1.00000 0.20000
3 1.00000 0.33333
16 1.00000 0.06250
10 1.00000 0.10000
5 1.00000 0.20000
5 1.00000 0.20000
4 1.00000 0.25000
4 1.00000 0.25000
16 1.00000 0.06250
10 1.00000 0.10000
5 1.00000 0.20000
5 1.00000 0.20000
4 1.00000 0.25000
4 1.00000 0.25000
3 1.00000 0.33333
3 1.00000 0.33333
3 1.00000 0.33333
3 1.00000 0.33333
31 1.00000 0.03226
4 1.00000 0.25000
50 1.00000 0.02000
46 1.00000 0.02174
41 1.00000 0.02439
40 1.00000 0.02500
34 1.00000 0.02941
28 1.00000 0.03571
27 1.00000 0.03704
19 1.00000 0.05263
17 1.00000 0.05882
11 1.00000 0.09091
10 1.00000 0.10000
9 1.00000 0.11111
9 1.00000 0.11111
8 1.00000 0.12500
5 1.00000 0.20000
16 1.00000 0.06250
10 1.00000 0.10000
33 1.00000 0.03030
33 1.00000 0.03030
23 1.00000 0.04348
23 1.00000 0.04348
18 1.00000 0.05556
16 1.00000 0.06250
14 1.00000 0.07143
12 1.00000 0.08333
12 1.00000 0.08333
10 1.00000 0.10000
9 1.00000 0.11111
9 1.00000 0.11111
8 1.00000 0.12500
8 1.00000 0.12500
8 1.00000 0.12500
5 1.00000 0.20000
4 1.00000 0.25000
9 1.00000 0.11111
8 1.00000 0.12500
7 1.00000 0.14286
7 1.00000 0.14286
5 1.00000 0.20000
5 1.00000 0.20000
4 1.00000 0.25000
4 1.00000 0.25000
3 1.00000 0.33333
3 1.00000 0.33333
3 1.00000 0.33333
90 1.00000 0.01111
54 1.00000 0.01852
44 1.00000 0.02273
41 1.00000 0.02439
35 1.00000 0.02857
30 1.00000 0.03333
15 1.00000 0.06667
14 1.00000 0.07143
13 1.00000 0.07692
13 1.00000 0.07692
13 1.00000 0.07692
11 1.00000 0.09091
10 1.00000 0.10000
9 1.00000 0.11111
9 1.00000 0.11111
9 1.00000 0.11111
8 1.00000 0.12500
7 1.00000 0.14286
7 1.00000 0.14286
4 1.00000 0.25000
18 1.00000 0.05556
3 1.00000 0.33333
101 1.00000 0.00990
22 1.00000 0.04545
14 1.00000 0.07143
13 1.00000 0.07692
13 1.00000 0.07692
12 1.00000 0.08333
8 1.00000 0.12500
4 1.00000 0.25000
3 1.00000 0.33333
3 1.00000 0.33333
3 1.00000 0.33333
312 1.00000 0.00321
49 1.00000 0.02041
41 1.00000 0.02439
30 1.00000 0.03333
25 1.00000 0.04000
20 1.00000 0.05000
15 1.00000 0.06667
6 1.00000 0.16667
4 1.00000 0.25000
3 1.00000 0.33333
21 1.00000 0.04762
12 1.00000 0.08333
11 1.00000 0.09091
10 1.00000 0.10000
10 1.00000 0.10000
8 1.00000 0.12500
4 1.00000 0.25000
4 1.00000 0.25000
4 1.00000 0.25000
3 1.00000 0.33333
3 1.00000 0.33333
3 1.00000 0.33333
3 1.00000 0.33333
3 1.00000 0.33333
3 1.00000 0.33333
3 1.00000 0.33333
16 1.00000 0.06250
10 1.00000 0.10000
9 1.00000 0.11111
6 1.00000 0.16667
5 1.00000 0.20000
3 1.00000 0.33333
3 1.00000 0.33333
12 1.00000 0.08333
5 1.00000 0.20000
4 1.00000 0.25000
3 1.00000 0.33333
6 1.00000 0.16667
129 1.00000 0.00775
100 1.00000 0.01000
65 1.00000 0.01538
62 1.00000 0.01613
59 1.00000 0.01695
58 1.00000 0.01724
54 1.00000 0.01852
49 1.00000 0.02041
46 1.00000 0.02174
39 1.00000 0.02564
35 1.00000 0.02857
33 1.00000 0.03030
33 1.00000 0.03030
33 1.00000 0.03030
30 1.00000 0.03333
30 1.00000 0.03333
28 1.00000 0.03571
27 1.00000 0.03704
27 1.00000 0.03704
26 1.00000 0.03846
25 1.00000 0.04000
23 1.00000 0.04348
23 1.00000 0.04348
22 1.00000 0.04545
21 1.00000 0.04762
19 1.00000 0.05263
19 1.00000 0.05263
17 1.00000 0.05882
17 1.00000 0.05882
17 1.00000 0.05882
15 1.00000 0.06667
12 1.00000 0.08333
11 1.00000 0.09091
11 1.00000 0.09091
10 1.00000 0.10000
10 1.00000 0.10000
9 1.00000 0.11111
9 1.00000 0.11111
9 1.00000 0.11111
9 1.00000 0.11111
8 1.00000 0.12500
7 1.00000 0.14286
5 1.00000 0.20000
5 1.00000 0.20000
5 1.00000 0.20000
19 1.00000 0.05263
14 1.00000 0.07143
11 1.00000 0.09091
9 1.00000 0.11111
6 1.00000 0.16667
19 1.00000 0.05263
14 1.00000 0.07143
11 1.00000 0.09091
9 1.00000 0.11111
6 1.00000 0.16667
11 1.00000 0.09091
10 1.00000 0.10000
8 1.00000 0.12500
6 1.00000 0.16667
4 1.00000 0.25000
4 1.00000 0.25000
3 1.00000 0.33333
11 1.00000 0.09091
10 1.00000 0.10000
8 1.00000 0.12500
6 1.00000 0.16667
4 1.00000 0.25000
4 1.00000 0.25000
3 1.00000 0.33333
11 1.00000 0.09091
10 1.00000 0.10000
8 1.00000 0.12500
6 1.00000 0.16667
4 1.00000 0.25000
4 1.00000 0.25000
3 1.00000 0.33333
3 1.00000 0.33333
3 1.00000 0.33333
11 1.00000 0.09091
10 1.00000 0.10000
8 1.00000 0.12500
6 1.00000 0.16667
4 1.00000 0.25000
4 1.00000 0.25000
3 1.00000 0.33333
8 1.00000 0.12500
7 1.00000 0.14286
15 1.00000 0.06667
5 1.00000 0.20000
4 1.00000 0.25000
8 1.00000 0.12500
8 1.00000 0.12500
8 1.00000 0.12500
6 1.00000 0.16667
4 1.00000 0.25000
4 1.00000 0.25000
3 1.00000 0.33333
3 1.00000 0.33333
3 1.00000 0.33333
9 1.00000 0.11111
8 1.00000 0.12500
7 1.00000 0.14286
24 1.00000 0.04167
22 1.00000 0.04545
17 1.00000 0.05882
14 1.00000 0.07143
11 1.00000 0.09091
11 1.00000 0.09091
10 1.00000 0.10000
6 1.00000 0.16667
5 1.00000 0.20000
4 1.00000 0.25000
4 1.00000 0.25000
4 1.00000 0.25000
4 1.00000 0.25000
3 1.00000 0.33333
3 1.00000 0.33333
3 1.00000 0.33333
3 1.00000 0.33333
20 1.00000 0.05000
3 1.00000 0.33333
3 1.00000 0.33333
3 1.00000 0.33333
3 1.00000 0.33333
11 1.00000 0.09091
10 1.00000 0.10000
8 1.00000 0.12500
6 1.00000 0.16667
4 1.00000 0.25000
4 1.00000 0.25000
3 1.00000 0.33333
37 1.00000 0.02703
14 1.00000 0.07143
9 1.00000 0.11111
9 1.00000 0.11111
7 1.00000 0.14286
6 1.00000 0.16667
4 1.00000 0.25000
8 1.00000 0.12500
4 1.00000 0.25000
3 1.00000 0.33333
18 1.00000 0.05556
6 1.00000 0.16667
4 1.00000 0.25000
19 1.00000 0.05263
11 1.00000 0.09091
9 1.00000 0.11111
7 1.00000 0.14286
6 1.00000 0.16667
5 1.00000 0.20000
4 1.00000 0.25000
4 1.00000 0.25000
4 1.00000 0.25000
3 1.00000 0.33333
3 1.00000 0.33333
3 1.00000 0.33333
3 1.00000 0.33333
8 1.00000 0.12500
4 1.00000 0.25000
3 1.00000 0.33333
26 1.00000 0.03846
19 1.00000 0.05263
14 1.00000 0.07143
11 1.00000 0.09091
8 1.00000 0.12500
7 1.00000 0.14286
7 1.00000 0.14286
5 1.00000 0.20000
4 1.00000 0.25000
3 1.00000 0.33333
3 1.00000 0.33333
3 1.00000 0.33333
69 1.00000 0.01449
40 1.00000 0.02500
25 1.00000 0.04000
24 1.00000 0.04167
17 1.00000 0.05882
17 1.00000 0.05882
15 1.00000 0.06667
14 1.00000 0.07143
13 1.00000 0.07692
12 1.00000 0.08333
11 1.00000 0.09091
11 1.00000 0.09091
10 1.00000 0.10000
10 1.00000 0.10000
10 1.00000 0.10000
9 1.00000 0.11111
9 1.00000 0.11111
8 1.00000 0.12500
7 1.00000 0.14286
6 1.00000 0.16667
6 1.00000 0.16667
6 1.00000 0.16667
6 1.00000 0.16667
6 1.00000 0.16667
5 1.00000 0.20000
5 1.00000 0.20000
5 1.00000 0.20000
5 1.00000 0.20000
4 1.00000 0.25000
4 1.00000 0.25000
4 1.00000 0.25000
3 1.00000 0.33333
3 1.00000 0.33333
3 1.00000 0.33333
3 1.00000 0.33333
5 1.00000 0.20000
47 1.00000 0.02128
32 1.00000 0.03125
28 1.00000 0.03571
26 1.00000 0.03846
25 1.00000 0.04000
25 1.00000 0.04000
22 1.00000 0.04545
19 1.00000 0.05263
16 1.00000 0.06250
15 1.00000 0.06667
14 1.00000 0.07143
14 1.00000 0.07143
12 1.00000 0.08333
12 1.00000 0.08333
11 1.00000 0.09091
11 1.00000 0.09091
11 1.00000 0.09091
11 1.00000 0.09091
10 1.00000 0.10000
10 1.00000 0.10000
10 1.00000 0.10000
9 1.00000 0.11111
8 1.00000 0.12500
7 1.00000 0.14286
7 1.00000 0.14286
7 1.00000 0.14286
6 1.00000 0.16667
6 1.00000 0.16667
6 1.00000 0.16667
5 1.00000 0.20000
5 1.00000 0.20000
5 1.00000 0.20000
5 1.00000 0.20000
5 1.00000 0.20000
4 1.00000 0.25000
4 1.00000 0.25000
4 1.00000 0.25000
4 1.00000 0.25000
4 1.00000 0.25000
4 1.00000 0.25000
3 1.00000 0.33333
3 1.00000 0.33333
3 1.00000 0.33333
3 1.00000 0.33333
3 1.00000 0.33333
3 1.00000 0.33333
3 1.00000 0.33333
9 1.00000 0.11111
4 1.00000 0.25000
9 1.00000 0.11111
4 1.00000 0.25000
21 1.00000 0.04762
18 1.00000 0.05556
15 1.00000 0.06667
9 1.00000 0.11111
8 1.00000 0.12500
4 1.00000 0.25000
6 1.00000 0.16667
3 1.00000 0.33333
17 1.00000 0.05882
15 1.00000 0.06667
5 1.00000 0.20000
3 1.00000 0.33333
32 1.00000 0.03125
16 1.00000 0.06250
16 1.00000 0.06250
15 1.00000 0.06667
8 1.00000 0.12500
6 1.00000 0.16667
6 1.00000 0.16667
6 1.00000 0.16667
6 1.00000 0.16667
4 1.00000 0.25000
3 1.00000 0.33333
3 1.00000 0.33333
140 1.00000 0.00714
42 1.00000 0.02381
35 1.00000 0.02857
28 1.00000 0.03571
21 1.00000 0.04762
21 1.00000 0.04762
21 1.00000 0.04762
20 1.00000 0.05000
19 1.00000 0.05263
15 1.00000 0.06667
14 1.00000 0.07143
14 1.00000 0.07143
9 1.00000 0.11111
9 1.00000 0.11111
7 1.00000 0.14286
7 1.00000 0.14286
5 1.00000 0.20000
4 1.00000 0.25000
3 1.00000 0.33333
3 1.00000 0.33333
6 1.00000 0.16667
28 1.00000 0.03571
26 1.00000 0.03846
26 1.00000 0.03846
25 1.00000 0.04000
17 1.00000 0.05882
16 1.00000 0.06250
16 1.00000 0.06250
16 1.00000 0.06250
14 1.00000 0.07143
13 1.00000 0.07692
13 1.00000 0.07692
11 1.00000 0.09091
11 1.00000 0.09091
10 1.00000 0.10000
10 1.00000 0.10000
10 1.00000 0.10000
8 1.00000 0.12500
8 1.00000 0.12500
8 1.00000 0.12500
7 1.00000 0.14286
7 1.00000 0.14286
7 1.00000 0.14286
7 1.00000 0.14286
6 1.00000 0.16667
6 1.00000 0.16667
6 1.00000 0.16667
6 1.00000 0.16667
6 1.00000 0.16667
5 1.00000 0.20000
4 1.00000 0.25000
4 1.00000 0.25000
4 1.00000 0.25000
4 1.00000 0.25000
4 1.00000 0.25000
3 1.00000 0.33333
3 1.00000 0.33333
3 1.00000 0.33333
3 1.00000 0.33333
3 1.00000 0.33333
3 1.00000 0.33333
3 1.00000 0.33333
4 1.00000 0.25000
4 1.00000 0.25000
3 1.00000 0.33333
18 1.00000 0.05556
7 1.00000 0.14286
4 1.00000 0.25000
3 1.00000 0.33333
3 1.00000 0.33333
3 1.00000 0.33333
3 1.00000 0.33333
3 1.00000 0.33333
3 1.00000 0.33333
3 1.00000 0.33333
14 1.00000 0.07143
34 1.00000 0.02941
31 1.00000 0.03226
17 1.00000 0.05882
14 1.00000 0.07143
11 1.00000 0.09091
7 1.00000 0.14286
6 1.00000 0.16667
6 1.00000 0.16667
4 1.00000 0.25000
3 1.00000 0.33333
3 1.00000 0.33333
3 1.00000 0.33333
3 1.00000 0.33333
3 1.00000 0.33333
23 1.00000 0.04348
19 1.00000 0.05263
12 1.00000 0.08333
76 1.00000 0.01316
28 1.00000 0.03571
10 1.00000 0.10000
10 1.00000 0.10000
9 1.00000 0.11111
9 1.00000 0.11111
9 1.00000 0.11111
6 1.00000 0.16667
5 1.00000 0.20000
4 1.00000 0.25000
52 1.00000 0.01923
37 1.00000 0.02703
25 1.00000 0.04000
11 1.00000 0.09091
9 1.00000 0.11111
7 1.00000 0.14286
6 1.00000 0.16667
6 1.00000 0.16667
3 1.00000 0.33333
3 1.00000 0.33333
3 1.00000 0.33333
3 1.00000 0.33333
3 1.00000 0.33333
52 1.00000 0.01923
37 1.00000 0.02703
25 1.00000 0.04000
10 1.00000 0.10000
9 1.00000 0.11111
7 1.00000 0.14286
6 1.00000 0.16667
6 1.00000 0.16667
3 1.00000 0.33333
3 1.00000 0.33333
3 1.00000 0.33333
3 1.00000 0.33333
3 1.00000 0.33333
52 1.00000 0.01923
37 1.00000 0.02703
25 1.00000 0.04000
10 1.00000 0.10000
9 1.00000 0.11111
7 1.00000 0.14286
6 1.00000 0.16667
6 1.00000 0.16667
3 1.00000 0.33333
3 1.00000 0.33333
3 1.00000 0.33333
3 1.00000 0.33333
3 1.00000 0.33333
15 1.00000 0.06667
10 1.00000 0.10000
8 1.00000 0.12500
7 1.00000 0.14286
5 1.00000 0.20000
4 1.00000 0.25000
3 1.00000 0.33333
3 1.00000 0.33333
52 1.00000 0.01923
37 1.00000 0.02703
25 1.00000 0.04000
10 1.00000 0.10000
9 1.00000 0.11111
7 1.00000 0.14286
6 1.00000 0.16667
6 1.00000 0.16667
3 1.00000 0.33333
3 1.00000 0.33333
3 1.00000 0.33333
3 1.00000 0.33333
3 1.00000 0.33333
9 1.00000 0.11111
4 1.00000 0.25000
3 1.00000 0.33333
3 1.00000 0.33333
8 1.00000 0.12500
6 1.00000 0.16667
4 1.00000 0.25000
3 1.00000 0.33333
3 1.00000 0.33333
3 1.00000 0.33333
61 1.00000 0.01639
37 1.00000 0.02703
34 1.00000 0.02941
32 1.00000 0.03125
25 1.00000 0.04000
21 1.00000 0.04762
21 1.00000 0.04762
20 1.00000 0.05000
16 1.00000 0.06250
16 1.00000 0.06250
14 1.00000 0.07143
14 1.00000 0.07143
11 1.00000 0.09091
11 1.00000 0.09091
8 1.00000 0.12500
8 1.00000 0.12500
7 1.00000 0.14286
6 1.00000 0.16667
6 1.00000 0.16667
6 1.00000 0.16667
5 1.00000 0.20000
5 1.00000 0.20000
4 1.00000 0.25000
3 1.00000 0.33333
3 1.00000 0.33333
3 1.00000 0.33333
6 1.00000 0.16667
3 1.00000 0.33333
61 1.00000 0.01639
37 1.00000 0.02703
34 1.00000 0.02941
32 1.00000 0.03125
25 1.00000 0.04000
21 1.00000 0.04762
21 1.00000 0.04762
20 1.00000 0.05000
16 1.00000 0.06250
16 1.00000 0.06250
14 1.00000 0.07143
14 1.00000 0.07143
11 1.00000 0.09091
11 1.00000 0.09091
8 1.00000 0.12500
8 1.00000 0.12500
7 1.00000 0.14286
6 1.00000 0.16667
6 1.00000 0.16667
6 1.00000 0.16667
5 1.00000 0.20000
5 1.00000 0.20000
4 1.00000 0.25000
3 1.00000 0.33333
3 1.00000 0.33333
3 1.00000 0.33333
8 1.00000 0.12500
6 1.00000 0.16667
6 1.00000 0.16667
6 1.00000 0.16667
9 1.00000 0.11111
4 1.00000 0.25000
4 1.00000 0.25000
3 1.00000 0.33333
3 1.00000 0.33333
8 1.00000 0.12500
6 1.00000 0.16667
3 1.00000 0.33333
3 1.00000 0.33333
20 1.00000 0.05000
19 1.00000 0.05263
14 1.00000 0.07143
12 1.00000 0.08333
11 1.00000 0.09091
11 1.00000 0.09091
10 1.00000 0.10000
9 1.00000 0.11111
9 1.00000 0.11111
8 1.00000 0.12500
8 1.00000 0.12500
7 1.00000 0.14286
6 1.00000 0.16667
6 1.00000 0.16667
6 1.00000 0.16667
6 1.00000 0.16667
5 1.00000 0.20000
4 1.00000 0.25000
4 1.00000 0.25000
4 1.00000 0.25000
3 1.00000 0.33333
20 1.00000 0.05000
19 1.00000 0.05263
14 1.00000 0.07143
12 1.00000 0.08333
11 1.00000 0.09091
11 1.00000 0.09091
10 1.00000 0.10000
9 1.00000 0.11111
9 1.00000 0.11111
8 1.00000 0.12500
8 1.00000 0.12500
7 1.00000 0.14286
6 1.00000 0.16667
6 1.00000 0.16667
6 1.00000 0.16667
6 1.00000 0.16667
5 1.00000 0.20000
4 1.00000 0.25000
4 1.00000 0.25000
4 1.00000 0.25000
3 1.00000 0.33333
8 1.00000 0.12500
6 1.00000 0.16667
3 1.00000 0.33333
3 1.00000 0.33333
62 1.00000 0.01613
13 1.00000 0.07692
10 1.00000 0.10000
9 1.00000 0.11111
9 1.00000 0.11111
8 1.00000 0.12500
8 1.00000 0.12500
7 1.00000 0.14286
7 1.00000 0.14286
7 1.00000 0.14286
7 1.00000 0.14286
7 1.00000 0.14286
6 1.00000 0.16667
6 1.00000 0.16667
6 1.00000 0.16667
6 1.00000 0.16667
6 1.00000 0.16667
6 1.00000 0.16667
6 1.00000 0.16667
6 1.00000 0.16667
5 1.00000 0.20000
5 1.00000 0.20000
5 1.00000 0.20000
5 1.00000 0.20000
5 1.00000 0.20000
5 1.00000 0.20000
5 1.00000 0.20000
5 1.00000 0.20000
4 1.00000 0.25000
4 1.00000 0.25000
4 1.00000 0.25000
4 1.00000 0.25000
4 1.00000 0.25000
4 1.00000 0.25000
4 1.00000 0.25000
4 1.00000 0.25000
4 1.00000 0.25000
4 1.00000 0.25000
4 1.00000 0.25000
4 1.00000 0.25000
4 1.00000 0.25000
3 1.00000 0.33333
3 1.00000 0.33333
3 1.00000 0.33333
3 1.00000 0.33333
3 1.00000 0.33333
3 1.00000 0.33333
3 1.00000 0.33333
3 1.00000 0.33333
3 1.00000 0.33333
3 1.00000 0.33333
3 1.00000 0.33333
3 1.00000 0.33333
3 1.00000 0.33333
22 1.00000 0.04545
12 1.00000 0.08333
10 1.00000 0.10000
3 1.00000 0.33333
3 1.00000 0.33333
3 1.00000 0.33333
3 1.00000 0.33333
3 1.00000 0.33333
11 1.00000 0.09091
11 1.00000 0.09091
10 1.00000 0.10000
9 1.00000 0.11111
8 1.00000 0.12500
8 1.00000 0.12500
7 1.00000 0.14286
7 1.00000 0.14286
6 1.00000 0.16667
6 1.00000 0.16667
5 1.00000 0.20000
4 1.00000 0.25000
4 1.00000 0.25000
4 1.00000 0.25000
4 1.00000 0.25000
4 1.00000 0.25000
4 1.00000 0.25000
3 1.00000 0.33333
3 1.00000 0.33333
3 1.00000 0.33333
3 1.00000 0.33333
3 1.00000 0.33333
3 1.00000 0.33333
11 1.00000 0.09091
11 1.00000 0.09091
10 1.00000 0.10000
9 1.00000 0.11111
8 1.00000 0.12500
8 1.00000 0.12500
7 1.00000 0.14286
7 1.00000 0.14286
6 1.00000 0.16667
6 1.00000 0.16667
5 1.00000 0.20000
4 1.00000 0.25000
4 1.00000 0.25000
4 1.00000 0.25000
4 1.00000 0.25000
4 1.00000 0.25000
4 1.00000 0.25000
3 1.00000 0.33333
3 1.00000 0.33333
3 1.00000 0.33333
3 1.00000 0.33333
3 1.00000 0.33333
3 1.00000 0.33333
18 1.00000 0.05556
8 1.00000 0.12500
6 1.00000 0.16667
3 1.00000 0.33333
3 1.00000 0.33333
3 1.00000 0.33333
3 1.00000 0.33333
62 1.00000 0.01613
13 1.00000 0.07692
10 1.00000 0.10000
9 1.00000 0.11111
9 1.00000 0.11111
8 1.00000 0.12500
8 1.00000 0.12500
8 1.00000 0.12500
8 1.00000 0.12500
7 1.00000 0.14286
7 1.00000 0.14286
7 1.00000 0.14286
7 1.00000 0.14286
7 1.00000 0.14286
7 1.00000 0.14286
7 1.00000 0.14286
7 1.00000 0.14286
7 1.00000 0.14286
6 1.00000 0.16667
6 1.00000 0.16667
6 1.00000 0.16667
6 1.00000 0.16667
6 1.00000 0.16667
6 1.00000 0.16667
6 1.00000 0.16667
6 1.00000 0.16667
5 1.00000 0.20000
5 1.00000 0.20000
5 1.00000 0.20000
5 1.00000 0.20000
5 1.00000 0.20000
5 1.00000 0.20000
5 1.00000 0.20000
5 1.00000 0.20000
4 1.00000 0.25000
4 1.00000 0.25000
4 1.00000 0.25000
4 1.00000 0.25000
4 1.00000 0.25000
4 1.00000 0.25000
4 1.00000 0.25000
4 1.00000 0.25000
4 1.00000 0.25000
4 1.00000 0.25000
4 1.00000 0.25000
4 1.00000 0.25000
4 1.00000 0.25000
4 1.00000 0.25000
4 1.00000 0.25000
3 1.00000 0.33333
3 1.00000 0.33333
3 1.00000 0.33333
3 1.00000 0.33333
3 1.00000 0.33333
3 1.00000 0.33333
3 1.00000 0.33333
3 1.00000 0.33333
3 1.00000 0.33333
3 1.00000 0.33333
3 1.00000 0.33333
3 1.00000 0.33333
3 1.00000 0.33333
3 1.00000 0.33333
3 1.00000 0.33333
18 1.00000 0.05556
9 1.00000 0.11111
6 1.00000 0.16667
4 1.00000 0.25000
3 1.00000 0.33333
3 1.00000 0.33333
51 1.00000 0.01961
41 1.00000 0.02439
34 1.00000 0.02941
32 1.00000 0.03125
28 1.00000 0.03571
22 1.00000 0.04545
20 1.00000 0.05000
20 1.00000 0.05000
18 1.00000 0.05556
18 1.00000 0.05556
11 1.00000 0.09091
10 1.00000 0.10000
9 1.00000 0.11111
9 1.00000 0.11111
9 1.00000 0.11111
8 1.00000 0.12500
7 1.00000 0.14286
7 1.00000 0.14286
6 1.00000 0.16667
6 1.00000 0.16667
5 1.00000 0.20000
5 1.00000 0.20000
114 1.00000 0.00877
26 1.00000 0.03846
22 1.00000 0.04545
17 1.00000 0.05882
16 1.00000 0.06250
12 1.00000 0.08333
10 1.00000 0.10000
9 1.00000 0.11111
6 1.00000 0.16667
6 1.00000 0.16667
5 1.00000 0.20000
5 1.00000 0.20000
5 1.00000 0.20000
4 1.00000 0.25000
4 1.00000 0.25000
3 1.00000 0.33333
3 1.00000 0.33333
49 1.00000 0.02041
42 1.00000 0.02381
42 1.00000 0.02381
37 1.00000 0.02703
27 1.00000 0.03704
26 1.00000 0.03846
25 1.00000 0.04000
24 1.00000 0.04167
21 1.00000 0.04762
20 1.00000 0.05000
18 1.00000 0.05556
16 1.00000 0.06250
16 1.00000 0.06250
12 1.00000 0.08333
10 1.00000 0.10000
8 1.00000 0.12500
8 1.00000 0.12500
7 1.00000 0.14286
7 1.00000 0.14286
6 1.00000 0.16667
6 1.00000 0.16667
6 1.00000 0.16667
5 1.00000 0.20000
4 1.00000 0.25000
3 1.00000 0.33333
3 1.00000 0.33333
3 1.00000 0.33333
3 1.00000 0.33333
3 1.00000 0.33333
113 1.00000 0.00885
42 1.00000 0.02381
22 1.00000 0.04545
21 1.00000 0.04762
21 1.00000 0.04762
20 1.00000 0.05000
18 1.00000 0.05556
17 1.00000 0.05882
15 1.00000 0.06667
14 1.00000 0.07143
11 1.00000 0.09091
10 1.00000 0.10000
10 1.00000 0.10000
10 1.00000 0.10000
9 1.00000 0.11111
9 1.00000 0.11111
7 1.00000 0.14286
7 1.00000 0.14286
6 1.00000 0.16667
6 1.00000 0.16667
6 1.00000 0.16667
5 1.00000 0.20000
4 1.00000 0.25000
4 1.00000 0.25000
3 1.00000 0.33333
3 1.00000 0.33333
31 1.00000 0.03226
9 1.00000 0.11111
4 1.00000 0.25000
3 1.00000 0.33333
328 1.00000 0.00305
48 1.00000 0.02083
20 1.00000 0.05000
19 1.00000 0.05263
18 1.00000 0.05556
14 1.00000 0.07143
11 1.00000 0.09091
11 1.00000 0.09091
11 1.00000 0.09091
10 1.00000 0.10000
9 1.00000 0.11111
9 1.00000 0.11111
9 1.00000 0.11111
8 1.00000 0.12500
8 1.00000 0.12500
8 1.00000 0.12500
8 1.00000 0.12500
7 1.00000 0.14286
7 1.00000 0.14286
7 1.00000 0.14286
6 1.00000 0.16667
6 1.00000 0.16667
6 1.00000 0.16667
6 1.00000 0.16667
6 1.00000 0.16667
5 1.00000 0.20000
5 1.00000 0.20000
4 1.00000 0.25000
4 1.00000 0.25000
4 1.00000 0.25000
4 1.00000 0.25000
4 1.00000 0.25000
4 1.00000 0.25000
3 1.00000 0.33333
3 1.00000 0.33333
3 1.00000 0.33333
3 1.00000 0.33333
3 1.00000 0.33333
3 1.00000 0.33333
3 1.00000 0.33333
3 1.00000 0.33333
3 1.00000 0.33333
3 1.00000 0.33333
328 1.00000 0.00305
48 1.00000 0.02083
20 1.00000 0.05000
19 1.00000 0.05263
18 1.00000 0.05556
14 1.00000 0.07143
11 1.00000 0.09091
11 1.00000 0.09091
11 1.00000 0.09091
10 1.00000 0.10000
9 1.00000 0.11111
9 1.00000 0.11111
9 1.00000 0.11111
8 1.00000 0.12500
8 1.00000 0.12500
8 1.00000 0.12500
8 1.00000 0.12500
7 1.00000 0.14286
7 1.00000 0.14286
7 1.00000 0.14286
6 1.00000 0.16667
6 1.00000 0.16667
6 1.00000 0.16667
6 1.00000 0.16667
6 1.00000 0.16667
5 1.00000 0.20000
5 1.00000 0.20000
4 1.00000 0.25000
4 1.00000 0.25000
4 1.00000 0.25000
4 1.00000 0.25000
4 1.00000 0.25000
4 1.00000 0.25000
3 1.00000 0.33333
3 1.00000 0.33333
3 1.00000 0.33333
3 1.00000 0.33333
3 1.00000 0.33333
3 1.00000 0.33333
3 1.00000 0.33333
3 1.00000 0.33333
3 1.00000 0.33333
3 1.00000 0.33333
41 1.00000 0.02439
34 1.00000 0.02941
17 1.00000 0.05882
16 1.00000 0.06250
15 1.00000 0.06667
15 1.00000 0.06667
14 1.00000 0.07143
14 1.00000 0.07143
13 1.00000 0.07692
12 1.00000 0.08333
11 1.00000 0.09091
11 1.00000 0.09091
10 1.00000 0.10000
10 1.00000 0.10000
10 1.00000 0.10000
9 1.00000 0.11111
9 1.00000 0.11111
9 1.00000 0.11111
9 1.00000 0.11111
9 1.00000 0.11111
8 1.00000 0.12500
7 1.00000 0.14286
6 1.00000 0.16667
6 1.00000 0.16667
6 1.00000 0.16667
6 1.00000 0.16667
6 1.00000 0.16667
5 1.00000 0.20000
5 1.00000 0.20000
4 1.00000 0.25000
4 1.00000 0.25000
4 1.00000 0.25000
3 1.00000 0.33333
3 1.00000 0.33333
3 1.00000 0.33333
3 1.00000 0.33333
3 1.00000 0.33333
3 1.00000 0.33333
3 1.00000 0.33333
3 1.00000 0.33333
3 1.00000 0.33333
3 1.00000 0.33333
41 1.00000 0.02439
35 1.00000 0.02857
17 1.00000 0.05882
16 1.00000 0.06250
15 1.00000 0.06667
14 1.00000 0.07143
14 1.00000 0.07143
13 1.00000 0.07692
12 1.00000 0.08333
12 1.00000 0.08333
11 1.00000 0.09091
11 1.00000 0.09091
10 1.00000 0.10000
10 1.00000 0.10000
10 1.00000 0.10000
9 1.00000 0.11111
9 1.00000 0.11111
9 1.00000 0.11111
9 1.00000 0.11111
9 1.00000 0.11111
8 1.00000 0.12500
7 1.00000 0.14286
6 1.00000 0.16667
6 1.00000 0.16667
6 1.00000 0.16667
6 1.00000 0.16667
5 1.00000 0.20000
5 1.00000 0.20000
4 1.00000 0.25000
4 1.00000 0.25000
4 1.00000 0.25000
3 1.00000 0.33333
3 1.00000 0.33333
3 1.00000 0.33333
3 1.00000 0.33333
3 1.00000 0.33333
3 1.00000 0.33333
3 1.00000 0.33333
3 1.00000 0.33333
3 1.00000 0.33333
