3 1.00000 1.00000
3 1.00000 1.00000
5 1.00000 1.00000
4 1.00000 1.00000
3 1.00000 1.00000
4 1.00000 1.00000
4 1.00000 1.00000
5 1.00000 1.00000
3 1.00000 1.00000
5 0.83333 1.00000
5 1.00000 1.00000
4 1.00000 1.00000
4 1.00000 1.00000
4 1.00000 1.00000
4 1.00000 1.00000
4 1.00000 1.00000
5 1.00000 1.00000
5 1.00000 1.00000
4 1.00000 1.00000
6 0.85714 1.00000
4 1.00000 1.00000
5 1.00000 1.00000
6 1.00000 1.00000
6 1.00000 1.00000
6 1.00000 1.00000
6 1.00000 1.00000
6 1.00000 1.00000
6 1.00000 1.00000
4 1.00000 1.00000
4 1.00000 1.00000
6 1.00000 1.00000
6 1.00000 1.00000
5 1.00000 1.00000
6 0.75000 1.00000
7 0.87500 1.00000
7 0.87500 1.00000
6 1.00000 1.00000
7 0.58333 1.00000
7 1.00000 1.00000
6 1.00000 1.00000
7 0.77778 1.00000
5 1.00000 1.00000
5 1.00000 1.00000
5 1.00000 1.00000
7 1.00000 1.00000
7 0.58333 1.00000
7 0.16279 1.00000
7 1.00000 1.00000
7 1.00000 1.00000
4 1.00000 1.00000
4 1.00000 1.00000
7 1.00000 1.00000
6 1.00000 1.00000
6 1.00000 1.00000
6 1.00000 1.00000
6 1.00000 1.00000
6 1.00000 1.00000
7 1.00000 1.00000
6 0.85714 1.00000
7 1.00000 1.00000
8 1.00000 1.00000
5 1.00000 1.00000
4 1.00000 1.00000
4 1.00000 1.00000
4 1.00000 1.00000
4 1.00000 1.00000
3 1.00000 1.00000
6 1.00000 1.00000
4 1.00000 1.00000
7 0.87500 1.00000
7 1.00000 1.00000
7 0.63636 1.00000
7 0.77778 1.00000
7 1.00000 1.00000
6 1.00000 1.00000
8 1.00000 1.00000
6 1.00000 1.00000
8 1.00000 1.00000
5 1.00000 1.00000
8 0.88889 1.00000
6 1.00000 1.00000
7 0.87500 1.00000
9 1.00000 1.00000
9 1.00000 1.00000
8 1.00000 1.00000
4 1.00000 1.00000
9 0.90000 1.00000
8 0.80000 1.00000
8 0.88889 1.00000
9 1.00000 1.00000
9 0.90000 1.00000
4 1.00000 1.00000
4 1.00000 1.00000
8 1.00000 1.00000
10 1.00000 1.00000
9 0.81818 1.00000
6 0.23077 1.00000
6 1.00000 1.00000
8 1.00000 1.00000
7 1.00000 1.00000
10 0.66667 1.00000
9 0.13846 1.00000
9 1.00000 1.00000
10 0.90909 1.00000
9 1.00000 1.00000
10 1.00000 1.00000
6 1.00000 1.00000
10 1.00000 1.00000
9 0.90000 1.00000
9 1.00000 1.00000
6 1.00000 1.00000
10 1.00000 1.00000
4 1.00000 1.00000
4 1.00000 1.00000
6 1.00000 1.00000
8 1.00000 1.00000
10 0.90909 1.00000
10 0.58824 1.00000
9 1.00000 1.00000
11 1.00000 1.00000
6 1.00000 1.00000
5 1.00000 1.00000
8 0.33333 1.00000
10 1.00000 1.00000
7 0.87500 1.00000
11 1.00000 1.00000
10 0.90909 1.00000
10 0.90909 1.00000
5 1.00000 1.00000
5 1.00000 1.00000
11 1.00000 1.00000
9 1.00000 1.00000
10 1.00000 1.00000
10 1.00000 1.00000
8 1.00000 1.00000
7 0.58333 1.00000
11 1.00000 1.00000
4 1.00000 1.00000
8 1.00000 0.87500
10 1.00000 1.00000
6 1.00000 1.00000
10 1.00000 1.00000
9 0.20000 1.00000
8 1.00000 1.00000
8 1.00000 1.00000
12 0.46154 1.00000
6 1.00000 1.00000
11 1.00000 1.00000
5 1.00000 1.00000
8 1.00000 1.00000
12 1.00000 1.00000
12 1.00000 1.00000
11 1.00000 1.00000
11 1.00000 1.00000
12 0.92308 1.00000
12 0.92308 1.00000
11 1.00000 0.81818
12 1.00000 1.00000
12 0.92308 1.00000
9 1.00000 1.00000
6 1.00000 1.00000
7 1.00000 1.00000
13 1.00000 1.00000
10 0.90909 1.00000
12 1.00000 0.91667
13 0.05417 1.00000
13 1.00000 1.00000
12 1.00000 1.00000
13 0.76471 1.00000
13 0.76471 1.00000
5 1.00000 1.00000
5 1.00000 1.00000
13 0.44828 1.00000
12 1.00000 1.00000
8 1.00000 1.00000
11 1.00000 1.00000
8 0.88889 1.00000
10 1.00000 1.00000
9 1.00000 0.77778
3 1.00000 1.00000
10 1.00000 1.00000
11 1.00000 1.00000
13 0.87500 0.53846
14 0.93333 1.00000
14 0.93333 1.00000
6 1.00000 1.00000
13 0.92857 1.00000
6 1.00000 1.00000
14 0.14000 1.00000
10 1.00000 1.00000
14 0.93333 1.00000
11 1.00000 1.00000
13 0.81250 1.00000
13 0.81250 1.00000
14 0.58333 1.00000
11 1.00000 1.00000
4 1.00000 1.00000
3 1.00000 1.00000
12 0.92308 1.00000
14 1.00000 0.92857
14 1.00000 1.00000
14 0.87500 1.00000
15 1.00000 0.93333
4 1.00000 1.00000
14 1.00000 1.00000
12 1.00000 1.00000
15 1.00000 1.00000
12 0.75000 1.00000
15 0.93750 1.00000
12 0.92308 1.00000
4 1.00000 1.00000
12 0.92308 1.00000
15 1.00000 1.00000
6 1.00000 1.00000
15 0.93750 1.00000
3 1.00000 1.00000
3 1.00000 1.00000
15 1.00000 1.00000
8 0.88889 1.00000
8 0.88889 1.00000
8 0.88889 1.00000
8 0.42105 1.00000
7 0.58333 1.00000
16 1.00000 0.93750
6 1.00000 1.00000
6 1.00000 1.00000
16 1.00000 1.00000
16 0.64000 1.00000
16 0.64000 1.00000
16 0.76190 1.00000
13 0.81250 1.00000
5 1.00000 1.00000
14 1.00000 1.00000
7 1.00000 1.00000
16 0.69565 1.00000
7 1.00000 1.00000
6 1.00000 1.00000
15 1.00000 1.00000
16 0.34783 1.00000
7 0.16279 1.00000
16 1.00000 1.00000
17 0.00030 1.00000
8 0.88889 1.00000
17 1.00000 0.94118
17 0.94118 0.94118
6 1.00000 1.00000
7 0.77778 1.00000
16 1.00000 1.00000
13 0.81250 1.00000
7 0.58333 1.00000
17 1.00000 0.94118
11 0.91667 1.00000
18 1.00000 1.00000
17 0.00030 1.00000
18 0.45833 0.61111
13 0.81250 1.00000
17 0.58621 1.00000
14 0.66667 1.00000
3 1.00000 1.00000
9 0.90000 1.00000
8 0.80000 1.00000
16 0.69565 1.00000
11 1.00000 1.00000
18 0.94737 1.00000
19 1.00000 1.00000
3 1.00000 1.00000
8 0.88889 1.00000
6 1.00000 1.00000
15 0.78947 1.00000
15 1.00000 0.80000
7 0.58333 1.00000
4 1.00000 1.00000
19 0.70370 1.00000
3 1.00000 1.00000
3 1.00000 1.00000
18 0.85714 1.00000
3 1.00000 1.00000
8 0.80000 1.00000
18 0.78261 1.00000
16 0.55172 1.00000
13 0.81250 1.00000
11 0.73333 1.00000
19 1.00000 0.89474
8 0.88889 1.00000
12 1.00000 1.00000
20 1.00000 0.60000
17 0.94444 1.00000
4 1.00000 1.00000
4 1.00000 1.00000
20 1.00000 1.00000
8 1.00000 1.00000
5 1.00000 1.00000
7 0.87500 1.00000
14 1.00000 0.92857
17 0.37778 1.00000
12 1.00000 1.00000
16 1.00000 1.00000
8 0.80000 1.00000
4 1.00000 1.00000
8 0.88889 1.00000
16 1.00000 0.93750
16 1.00000 0.93750
13 0.87500 0.53846
19 0.85714 0.94737
7 0.58333 1.00000
4 1.00000 1.00000
14 1.00000 1.00000
9 1.00000 1.00000
18 0.94737 1.00000
18 0.26471 1.00000
14 1.00000 1.00000
21 1.00000 0.61905
12 1.00000 0.91667
9 0.90000 1.00000
23 1.00000 1.00000
23 1.00000 1.00000
13 0.87500 0.53846
15 1.00000 1.00000
12 1.00000 1.00000
13 0.81250 1.00000
20 0.95238 1.00000
7 1.00000 1.00000
18 0.00032 1.00000
21 0.70000 1.00000
8 1.00000 1.00000
20 1.00000 1.00000
18 0.85714 1.00000
24 0.48000 1.00000
25 0.86207 1.00000
21 1.00000 1.00000
20 0.95238 1.00000
25 0.62500 1.00000
6 1.00000 1.00000
15 0.93750 1.00000
15 0.93750 1.00000
20 0.63333 0.95000
20 0.63333 0.95000
6 1.00000 1.00000
16 1.00000 1.00000
14 1.00000 1.00000
9 1.00000 0.66667
11 1.00000 0.90909
7 0.58333 1.00000
19 0.57576 1.00000
26 1.00000 0.11538
24 0.77419 1.00000
19 0.57576 1.00000
25 1.00000 1.00000
8 0.80000 1.00000
23 0.23000 1.00000
26 1.00000 0.92308
5 1.00000 1.00000
11 1.00000 1.00000
25 0.96154 1.00000
25 0.96154 1.00000
25 0.96154 1.00000
25 0.96154 1.00000
19 0.57576 1.00000
26 0.92857 1.00000
25 0.96154 1.00000
27 1.00000 0.74074
25 0.96154 1.00000
23 0.74194 1.00000
7 1.00000 1.00000
8 0.80000 1.00000
22 1.00000 0.72727
22 1.00000 0.90909
7 1.00000 1.00000
8 0.88889 1.00000
27 1.00000 1.00000
8 0.88889 1.00000
7 0.33333 1.00000
13 0.87500 0.53846
25 0.96154 1.00000
23 0.95652 0.95652
3 1.00000 1.00000
3 1.00000 1.00000
3 1.00000 1.00000
8 0.80000 1.00000
4 1.00000 1.00000
27 0.96429 1.00000
6 0.85714 1.00000
14 1.00000 1.00000
15 1.00000 0.53333
25 0.96154 1.00000
25 0.96154 1.00000
27 0.89655 0.96296
8 0.80000 1.00000
11 1.00000 1.00000
14 0.58333 1.00000
11 1.00000 1.00000
25 0.96154 1.00000
14 0.58333 1.00000
16 1.00000 1.00000
8 1.00000 1.00000
27 1.00000 0.77778
30 1.00000 0.96667
5 0.83333 1.00000
12 1.00000 1.00000
10 0.00018 1.00000
26 0.92308 0.46154
26 0.92308 0.46154
30 1.00000 0.46667
25 0.96154 1.00000
30 0.52727 0.96667
21 1.00000 0.90476
3 1.00000 1.00000
29 1.00000 1.00000
15 1.00000 0.53333
14 0.58333 1.00000
8 0.88889 1.00000
31 1.00000 1.00000
3 1.00000 1.00000
11 1.00000 1.00000
32 0.93333 0.87500
17 1.00000 0.94118
10 0.90909 1.00000
7 1.00000 1.00000
26 1.00000 0.11538
29 0.87500 0.96552
7 0.87500 1.00000
27 1.00000 0.48148
27 1.00000 0.66667
28 0.96552 1.00000
25 0.96154 1.00000
25 0.96154 1.00000
3 1.00000 1.00000
22 1.00000 0.95455
19 0.95000 1.00000
34 0.82927 1.00000
32 0.83333 0.78125
33 0.91667 1.00000
17 1.00000 1.00000
31 1.00000 0.90323
3 1.00000 1.00000
33 0.97059 1.00000
4 1.00000 1.00000
4 1.00000 1.00000
33 0.05709 1.00000
28 0.16071 0.96429
25 0.96154 1.00000
34 0.82927 1.00000
33 0.94286 1.00000
33 0.94286 1.00000
9 0.80000 0.88889
12 1.00000 1.00000
13 0.92857 1.00000
13 0.92857 1.00000
32 1.00000 1.00000
36 0.92308 1.00000
33 1.00000 0.96970
22 0.42308 1.00000
22 0.42308 1.00000
22 0.42308 1.00000
22 0.95652 1.00000
22 0.95652 1.00000
35 0.94118 0.45714
35 0.94118 0.45714
33 0.52381 1.00000
36 1.00000 0.47222
11 1.00000 1.00000
22 0.42553 0.90909
11 1.00000 1.00000
6 1.00000 1.00000
31 1.00000 0.67742
31 1.00000 0.67742
25 0.96154 1.00000
18 0.90000 1.00000
26 0.44828 0.50000
22 0.42308 1.00000
36 1.00000 0.63889
11 1.00000 1.00000
6 0.75000 1.00000
7 0.16279 1.00000
22 0.42308 1.00000
30 1.00000 0.76667
6 0.85714 1.00000
37 0.97297 0.97297
37 0.97297 0.97297
33 0.78571 1.00000
22 0.42308 1.00000
38 1.00000 0.60526
22 0.42308 1.00000
22 0.42308 1.00000
22 0.42308 1.00000
6 1.00000 1.00000
6 1.00000 1.00000
3 1.00000 1.00000
3 1.00000 1.00000
3 1.00000 1.00000
3 1.00000 1.00000
3 1.00000 1.00000
3 1.00000 1.00000
8 0.88889 1.00000
4 1.00000 1.00000
36 0.86111 0.86111
19 0.57576 1.00000
19 0.57576 1.00000
43 0.96296 0.60465
27 0.81818 1.00000
6 1.00000 1.00000
3 1.00000 1.00000
19 0.57576 1.00000
15 0.29412 1.00000
19 0.57576 1.00000
19 0.85714 0.94737
19 0.57576 1.00000
8 0.33333 1.00000
8 0.33333 1.00000
10 0.90909 1.00000
6 1.00000 1.00000
9 0.90000 1.00000
19 0.57576 1.00000
9 0.75000 1.00000
7 0.87500 1.00000
19 0.57576 1.00000
11 0.00019 1.00000
12 1.00000 1.00000
36 0.66667 1.00000
9 0.90000 1.00000
44 0.89474 0.77273
47 0.94000 1.00000
20 1.00000 1.00000
20 1.00000 1.00000
28 1.00000 0.85714
27 1.00000 0.37037
12 1.00000 1.00000
42 1.00000 0.73810
47 0.94000 1.00000
47 0.97778 0.93617
39 1.00000 0.82051
9 1.00000 1.00000
22 0.42308 1.00000
44 0.95556 0.97727
45 0.88372 0.84444
45 0.91667 0.48889
45 0.91667 0.48889
42 1.00000 0.73810
45 0.92105 0.77778
10 0.83333 1.00000
25 0.96154 1.00000
5 1.00000 1.00000
35 0.55738 0.97143
22 0.42553 0.90909
13 1.00000 0.61538
3 1.00000 1.00000
35 0.55738 0.97143
28 1.00000 0.92857
45 0.80357 1.00000
45 0.80357 1.00000
28 1.00000 0.92857
5 1.00000 1.00000
42 1.00000 0.73810
36 0.66667 1.00000
52 1.00000 1.00000
41 0.85106 0.97561
41 0.85106 0.97561
41 1.00000 1.00000
16 1.00000 1.00000
22 0.42308 1.00000
3 1.00000 1.00000
6 1.00000 1.00000
5 1.00000 1.00000
3 1.00000 1.00000
5 1.00000 1.00000
3 1.00000 1.00000
46 0.90698 0.84783
46 0.90698 0.84783
23 0.91667 0.95652
11 1.00000 1.00000
22 0.42553 0.90909
22 0.42308 1.00000
8 0.88889 1.00000
8 0.88889 1.00000
4 1.00000 1.00000
50 0.97143 0.68000
50 0.97143 0.68000
50 0.80488 0.66000
24 0.95833 0.95833
22 0.42308 1.00000
3 1.00000 1.00000
5 1.00000 1.00000
22 0.42308 1.00000
42 1.00000 0.73810
11 1.00000 1.00000
24 0.95833 0.95833
56 1.00000 0.92857
10 1.00000 1.00000
55 0.93220 1.00000
42 1.00000 0.73810
4 1.00000 1.00000
41 1.00000 1.00000
52 0.85366 0.67308
6 1.00000 1.00000
13 0.87500 0.53846
13 0.81250 1.00000
22 0.42308 1.00000
42 1.00000 0.73810
61 0.98333 0.96721
9 1.00000 1.00000
10 1.00000 1.00000
17 0.37778 1.00000
16 0.76190 1.00000
12 1.00000 1.00000
3 1.00000 1.00000
20 0.86957 1.00000
34 0.96552 0.82353
42 1.00000 0.73810
12 1.00000 1.00000
27 1.00000 0.66667
7 1.00000 1.00000
33 1.00000 0.96970
42 1.00000 0.73810
6 1.00000 1.00000
6 1.00000 1.00000
32 1.00000 0.37500
13 0.87500 0.53846
12 1.00000 1.00000
8 0.88889 1.00000
42 1.00000 0.73810
42 1.00000 0.73810
9 0.75000 1.00000
51 0.95349 0.80392
42 1.00000 0.73810
5 1.00000 1.00000
66 0.00113 0.96970
6 0.00011 1.00000
23 0.38333 1.00000
22 0.42308 1.00000
14 0.58333 1.00000
11 1.00000 1.00000
14 0.58333 1.00000
11 1.00000 1.00000
23 1.00000 1.00000
7 1.00000 1.00000
62 0.96774 0.48387
22 0.42553 0.90909
62 0.96774 0.48387
3 1.00000 1.00000
5 0.83333 1.00000
5 0.83333 1.00000
13 0.81250 1.00000
32 1.00000 0.37500
32 1.00000 0.37500
14 0.14000 1.00000
4 1.00000 1.00000
21 1.00000 1.00000
42 1.00000 0.73810
66 1.00000 0.84848
66 1.00000 0.84848
32 1.00000 0.37500
66 0.00110 0.93939
55 0.93220 1.00000
23 0.38333 1.00000
3 1.00000 1.00000
42 1.00000 0.73810
7 1.00000 1.00000
6 0.12766 1.00000
42 1.00000 0.73810
3 1.00000 1.00000
6 0.85714 1.00000
42 1.00000 0.73810
12 1.00000 1.00000
4 1.00000 1.00000
42 1.00000 0.73810
11 1.00000 1.00000
10 0.00018 1.00000
10 0.90909 1.00000
7 0.87500 1.00000
7 0.87500 1.00000
7 0.87500 1.00000
11 1.00000 1.00000
6 1.00000 1.00000
11 1.00000 1.00000
7 0.33333 1.00000
73 0.94030 0.86301
74 0.95522 0.86486
70 0.24701 0.88571
42 1.00000 0.73810
9 1.00000 1.00000
71 0.96774 0.84507
10 0.58824 1.00000
24 0.92308 1.00000
27 0.83333 0.92593
12 0.85714 1.00000
9 1.00000 0.88889
72 0.96774 0.83333
46 0.90698 0.84783
13 0.76471 1.00000
9 1.00000 1.00000
11 1.00000 1.00000
9 0.75000 1.00000
47 0.79661 1.00000
47 0.79661 1.00000
28 0.96552 1.00000
9 1.00000 1.00000
60 0.49451 0.75000
60 0.49451 0.75000
18 1.00000 0.50000
18 1.00000 0.50000
3 1.00000 1.00000
3 1.00000 1.00000
15 0.33333 1.00000
6 0.00011 1.00000
32 1.00000 0.43750
83 0.95588 0.78313
26 0.92593 0.96154
83 0.95588 0.78313
4 1.00000 1.00000
3 1.00000 1.00000
3 1.00000 1.00000
11 1.00000 1.00000
52 1.00000 1.00000
7 0.16279 1.00000
71 0.00117 0.92958
8 1.00000 1.00000
6 0.54545 1.00000
36 0.92308 1.00000
52 1.00000 1.00000
7 0.16279 1.00000
11 1.00000 0.90909
11 1.00000 0.90909
5 1.00000 1.00000
3 1.00000 1.00000
39 1.00000 0.82051
17 0.37778 1.00000
11 1.00000 1.00000
3 1.00000 1.00000
19 0.57576 1.00000
10 1.00000 1.00000
47 0.97778 0.93617
94 0.98901 0.95745
10 1.00000 1.00000
8 1.00000 1.00000
10 1.00000 1.00000
8 1.00000 1.00000
3 1.00000 1.00000
3 1.00000 1.00000
36 0.00064 1.00000
30 1.00000 0.90000
10 1.00000 1.00000
6 0.66667 1.00000
6 0.66667 1.00000
9 1.00000 1.00000
9 1.00000 1.00000
42 1.00000 0.73810
13 0.87500 0.53846
12 1.00000 1.00000
3 1.00000 1.00000
3 1.00000 1.00000
9 1.00000 1.00000
9 0.90000 1.00000
18 0.85714 1.00000
83 0.95588 0.78313
3 1.00000 1.00000
3 1.00000 1.00000
4 1.00000 1.00000
6 1.00000 1.00000
33 1.00000 0.96970
4 1.00000 1.00000
4 1.00000 1.00000
91 0.98305 0.63736
91 0.98305 0.63736
11 0.91667 1.00000
24 0.95833 0.95833
4 1.00000 1.00000
4 1.00000 1.00000
4 1.00000 1.00000
18 1.00000 0.50000
8 0.88889 1.00000
90 1.00000 0.76667
15 1.00000 1.00000
4 1.00000 1.00000
4 1.00000 1.00000
4 1.00000 1.00000
50 0.97143 0.68000
15 0.78947 1.00000
13 1.00000 1.00000
11 0.91667 1.00000
11 0.73333 1.00000
3 1.00000 1.00000
7 1.00000 1.00000
17 0.37778 1.00000
12 0.00021 1.00000
3 1.00000 1.00000
11 1.00000 1.00000
11 1.00000 1.00000
4 1.00000 1.00000
117 0.96825 0.52137
7 1.00000 1.00000
4 1.00000 1.00000
4 1.00000 1.00000
4 1.00000 1.00000
4 1.00000 1.00000
4 1.00000 1.00000
4 1.00000 1.00000
13 1.00000 1.00000
11 1.00000 0.72727
46 0.93750 0.65217
9 0.75000 1.00000
46 0.93750 0.65217
46 0.93750 0.65217
31 1.00000 1.00000
25 0.86207 1.00000
23 0.74194 1.00000
9 0.81818 1.00000
25 0.96154 1.00000
9 1.00000 1.00000
7 0.63636 1.00000
4 1.00000 1.00000
9 1.00000 1.00000
6 1.00000 1.00000
46 0.93750 0.65217
15 0.93750 1.00000
6 0.85714 1.00000
8 1.00000 1.00000
19 0.57576 1.00000
3 1.00000 1.00000
46 0.93750 0.65217
11 1.00000 1.00000
3 1.00000 1.00000
8 0.80000 1.00000
47 1.00000 1.00000
9 0.37500 1.00000
46 0.93750 0.65217
3 1.00000 1.00000
33 0.94286 1.00000
17 0.94118 0.94118
16 0.69565 1.00000
11 1.00000 1.00000
9 0.75000 1.00000
6 1.00000 1.00000
4 1.00000 1.00000
4 1.00000 1.00000
6 1.00000 1.00000
6 1.00000 1.00000
74 0.93750 0.40541
13 0.81250 1.00000
10 1.00000 1.00000
5 1.00000 1.00000
34 0.96552 0.82353
18 1.00000 0.50000
46 0.93750 0.65217
3 1.00000 1.00000
4 1.00000 1.00000
30 1.00000 0.76667
20 0.95238 1.00000
5 1.00000 1.00000
46 0.93750 0.65217
13 0.81250 1.00000
7 0.87500 1.00000
7 0.87500 1.00000
7 0.87500 1.00000
7 0.87500 1.00000
7 0.87500 1.00000
7 0.87500 1.00000
13 0.00023 1.00000
5 1.00000 1.00000
104 0.94828 0.52885
23 1.00000 1.00000
23 1.00000 1.00000
41 1.00000 1.00000
14 1.00000 1.00000
7 0.87500 1.00000
46 0.93750 0.65217
12 1.00000 1.00000
25 0.96154 1.00000
22 0.42308 1.00000
3 1.00000 1.00000
23 1.00000 0.69565
12 1.00000 0.83333
8 1.00000 1.00000
4 1.00000 1.00000
31 1.00000 0.90323
41 1.00000 0.51220
10 0.66667 1.00000
4 1.00000 1.00000
4 1.00000 1.00000
5 1.00000 1.00000
4 1.00000 1.00000
46 0.93750 0.65217
5 1.00000 1.00000
11 1.00000 1.00000
11 1.00000 1.00000
11 1.00000 1.00000
7 1.00000 1.00000
7 1.00000 1.00000
4 1.00000 1.00000
4 1.00000 1.00000
4 1.00000 1.00000
113 1.00000 0.51327
138 0.98113 0.75362
138 0.98113 0.75362
10 1.00000 1.00000
10 0.90909 1.00000
5 1.00000 1.00000
7 0.87500 1.00000
7 0.87500 1.00000
12 0.92308 1.00000
7 0.87500 1.00000
15 1.00000 0.80000
3 1.00000 1.00000
13 1.00000 1.00000
16 0.55172 1.00000
16 0.55172 1.00000
4 1.00000 1.00000
4 1.00000 1.00000
3 1.00000 1.00000
28 1.00000 0.60714
54 1.00000 1.00000
35 1.00000 0.68571
13 0.76471 1.00000
9 1.00000 1.00000
8 1.00000 1.00000
7 0.87500 1.00000
4 1.00000 1.00000
10 0.90909 1.00000
10 0.90909 1.00000
10 0.90909 1.00000
10 0.90909 1.00000
10 0.90909 1.00000
10 0.90909 1.00000
28 0.87500 0.50000
10 1.00000 0.90000
8 0.88889 1.00000
4 1.00000 1.00000
17 1.00000 0.94118
14 1.00000 1.00000
25 1.00000 0.96000
47 1.00000 1.00000
9 1.00000 1.00000
3 1.00000 1.00000
52 1.00000 1.00000
7 0.16279 1.00000
16 1.00000 1.00000
10 1.00000 1.00000
11 1.00000 1.00000
8 1.00000 1.00000
3 1.00000 1.00000
9 1.00000 1.00000
3 1.00000 1.00000
18 0.45833 0.61111
6 0.85714 1.00000
8 1.00000 1.00000
4 1.00000 1.00000
3 1.00000 1.00000
22 0.42308 1.00000
3 1.00000 1.00000
6 0.12766 1.00000
6 0.85714 1.00000
3 1.00000 1.00000
4 1.00000 1.00000
7 0.87500 1.00000
7 0.87500 1.00000
7 0.87500 1.00000
3 1.00000 1.00000
29 0.52727 1.00000
27 0.75000 1.00000
12 0.85714 1.00000
6 1.00000 1.00000
9 0.90000 1.00000
5 1.00000 1.00000
4 1.00000 1.00000
46 0.93750 0.65217
16 1.00000 0.93750
16 1.00000 0.93750
4 1.00000 1.00000
12 0.92308 1.00000
7 1.00000 1.00000
6 0.85714 1.00000
7 0.16279 1.00000
7 0.16279 1.00000
12 1.00000 1.00000
7 0.87500 1.00000
7 1.00000 1.00000
7 1.00000 1.00000
8 0.33333 1.00000
3 1.00000 1.00000
23 1.00000 0.69565
12 1.00000 0.83333
7 1.00000 1.00000
57 1.00000 0.91228
21 1.00000 0.61905
9 1.00000 0.77778
12 0.00021 1.00000
6 0.16667 1.00000
4 1.00000 1.00000
11 0.91667 1.00000
4 1.00000 1.00000
91 0.62903 0.42857
4 1.00000 1.00000
7 1.00000 1.00000
7 1.00000 1.00000
11 1.00000 1.00000
5 1.00000 1.00000
4 1.00000 1.00000
30 0.93750 0.50000
9 1.00000 1.00000
9 1.00000 1.00000
11 1.00000 0.90909
3 1.00000 1.00000
11 1.00000 1.00000
6 1.00000 1.00000
6 0.85714 1.00000
19 1.00000 1.00000
12 1.00000 0.91667
7 1.00000 1.00000
4 1.00000 1.00000
7 1.00000 1.00000
31 1.00000 0.67742
29 0.87500 0.96552
4 1.00000 1.00000
4 1.00000 1.00000
4 1.00000 1.00000
4 1.00000 1.00000
4 1.00000 1.00000
4 1.00000 1.00000
4 1.00000 1.00000
9 0.21951 1.00000
3 1.00000 1.00000
7 1.00000 1.00000
9 0.13846 1.00000
5 1.00000 1.00000
5 1.00000 1.00000
13 0.92857 1.00000
7 1.00000 1.00000
30 1.00000 0.96667
7 1.00000 1.00000
119 0.98387 0.51261
13 1.00000 1.00000
9 1.00000 0.88889
4 1.00000 1.00000
4 1.00000 1.00000
15 0.93750 1.00000
7 1.00000 1.00000
5 1.00000 1.00000
13 1.00000 0.53846
9 1.00000 1.00000
6 1.00000 1.00000
11 1.00000 0.81818
51 0.93750 0.58824
3 1.00000 1.00000
6 1.00000 1.00000
5 1.00000 1.00000
8 1.00000 1.00000
4 1.00000 1.00000
42 0.75000 1.00000
42 0.75000 1.00000
3 1.00000 1.00000
9 1.00000 1.00000
8 0.88889 1.00000
8 0.88889 1.00000
7 1.00000 1.00000
18 1.00000 1.00000
13 0.92857 1.00000
51 0.93750 0.58824
5 1.00000 1.00000
3 1.00000 1.00000
11 1.00000 0.81818
47 1.00000 1.00000
90 0.96774 0.33333
32 0.83333 0.78125
6 1.00000 1.00000
6 1.00000 1.00000
7 1.00000 1.00000
104 0.94828 0.52885
48 1.00000 0.91667
7 1.00000 1.00000
7 1.00000 1.00000
16 1.00000 1.00000
4 1.00000 1.00000
11 1.00000 1.00000
6 1.00000 1.00000
3 1.00000 1.00000
8 1.00000 1.00000
3 1.00000 1.00000
4 1.00000 1.00000
17 0.89474 1.00000
4 1.00000 1.00000
44 0.00064 0.81818
4 1.00000 1.00000
3 1.00000 1.00000
44 0.00064 0.81818
5 1.00000 1.00000
3 1.00000 1.00000
34 0.95455 0.61765
9 1.00000 0.55556
7 1.00000 0.85714
4 1.00000 1.00000
3 1.00000 1.00000
3 1.00000 1.00000
3 1.00000 1.00000
50 0.96154 1.00000
41 0.73214 1.00000
6 1.00000 1.00000
46 0.94737 0.78261
21 1.00000 1.00000
18 0.94737 1.00000
11 1.00000 1.00000
14 0.66667 1.00000
6 0.60000 1.00000
31 0.82353 0.45161
31 0.82353 0.45161
4 1.00000 1.00000
4 1.00000 1.00000
4 1.00000 1.00000
28 0.87500 0.50000
10 1.00000 0.90000
8 0.88889 1.00000
4 1.00000 1.00000
26 1.00000 0.92308
4 1.00000 1.00000
4 1.00000 1.00000
19 1.00000 1.00000
14 1.00000 1.00000
4 1.00000 1.00000
4 1.00000 1.00000
20 0.95238 1.00000
18 0.72000 1.00000
42 1.00000 0.73810
13 0.81250 1.00000
9 0.75000 1.00000
7 0.16279 1.00000
7 1.00000 1.00000
47 1.00000 1.00000
4 1.00000 1.00000
3 1.00000 1.00000
19 1.00000 1.00000
14 1.00000 1.00000
14 0.40000 1.00000
3 1.00000 1.00000
8 1.00000 1.00000
51 0.95349 0.80392
19 0.95000 1.00000
8 0.88889 1.00000
7 0.77778 1.00000
3 1.00000 1.00000
13 1.00000 1.00000
13 1.00000 1.00000
42 1.00000 0.73810
12 1.00000 1.00000
11 0.91667 1.00000
13 1.00000 0.53846
13 1.00000 1.00000
3 1.00000 1.00000
11 1.00000 1.00000
5 1.00000 1.00000
46 1.00000 0.67391
13 0.87500 0.53846
3 1.00000 1.00000
33 1.00000 0.42424
3 1.00000 1.00000
3 1.00000 1.00000
17 1.00000 0.94118
8 0.88889 1.00000
5 1.00000 1.00000
66 1.00000 0.84848
45 0.91667 0.48889
25 1.00000 1.00000
11 1.00000 1.00000
9 0.90000 1.00000
8 0.80000 1.00000
9 1.00000 1.00000
9 1.00000 1.00000
8 1.00000 1.00000
6 1.00000 1.00000
9 1.00000 1.00000
3 1.00000 1.00000
61 0.98333 0.96721
28 1.00000 0.85714
17 1.00000 1.00000
12 1.00000 1.00000
10 1.00000 1.00000
18 0.93750 0.83333
4 1.00000 1.00000
32 0.93333 0.87500
24 0.77419 1.00000
15 1.00000 1.00000
33 0.78571 1.00000
23 0.38333 1.00000
16 0.69565 1.00000
5 1.00000 1.00000
6 0.85714 1.00000
35 0.94444 0.97143
12 1.00000 1.00000
9 1.00000 1.00000
6 0.54545 1.00000
5 1.00000 1.00000
52 1.00000 1.00000
45 0.80357 1.00000
34 0.88889 0.23529
8 1.00000 1.00000
6 0.10714 1.00000
52 1.00000 1.00000
45 0.80357 1.00000
34 0.88889 0.23529
8 1.00000 1.00000
6 0.10714 1.00000
9 1.00000 1.00000
10 1.00000 1.00000
9 1.00000 1.00000
12 0.75000 1.00000
4 1.00000 1.00000
3 1.00000 1.00000
9 0.81818 1.00000
6 0.85714 1.00000
4 1.00000 1.00000
5 0.83333 1.00000
3 1.00000 1.00000
25 0.62500 1.00000
12 0.92308 1.00000
25 1.00000 0.64000
14 1.00000 1.00000
12 0.92308 1.00000
11 1.00000 1.00000
14 0.58333 1.00000
8 0.88889 1.00000
4 1.00000 1.00000
8 1.00000 1.00000
3 1.00000 1.00000
9 0.90000 1.00000
9 0.90000 1.00000
25 0.96154 1.00000
9 1.00000 1.00000
7 1.00000 1.00000
6 1.00000 1.00000
5 1.00000 1.00000
8 0.33333 1.00000
12 0.46154 1.00000
12 0.92308 1.00000
5 1.00000 1.00000
8 1.00000 1.00000
8 1.00000 1.00000
14 0.87500 1.00000
10 1.00000 1.00000
4 1.00000 1.00000
3 1.00000 1.00000
7 1.00000 1.00000
11 1.00000 0.63636
17 1.00000 0.82353
11 0.64706 1.00000
9 1.00000 0.88889
51 0.93750 0.58824
11 1.00000 1.00000
11 1.00000 1.00000
9 0.37500 1.00000
27 1.00000 1.00000
23 1.00000 1.00000
10 1.00000 1.00000
9 0.90000 1.00000
5 1.00000 1.00000
5 1.00000 1.00000
31 0.93333 0.90323
31 0.95000 0.61290
18 0.78261 1.00000
22 0.42308 1.00000
6 1.00000 1.00000
8 1.00000 1.00000
7 0.87500 1.00000
8 1.00000 1.00000
7 0.87500 1.00000
22 0.42308 1.00000
9 1.00000 1.00000
3 1.00000 1.00000
12 0.75000 1.00000
11 1.00000 1.00000
6 0.85714 1.00000
5 1.00000 1.00000
74 0.95522 0.86486
28 1.00000 0.92857
3 1.00000 1.00000
8 1.00000 1.00000
7 1.00000 1.00000
6 1.00000 1.00000
6 1.00000 1.00000
3 1.00000 1.00000
3 1.00000 1.00000
23 1.00000 1.00000
8 1.00000 1.00000
11 1.00000 1.00000
21 0.80000 0.95238
6 1.00000 1.00000
6 1.00000 1.00000
34 0.82927 1.00000
11 1.00000 1.00000
11 1.00000 1.00000
11 1.00000 1.00000
11 1.00000 1.00000
11 1.00000 1.00000
6 1.00000 1.00000
43 0.96296 0.60465
28 0.16071 0.96429
27 1.00000 0.74074
23 1.00000 1.00000
9 1.00000 1.00000
8 0.88889 1.00000
7 0.77778 1.00000
3 1.00000 1.00000
18 0.94737 1.00000
5 1.00000 1.00000
12 1.00000 0.91667
41 1.00000 0.51220
18 1.00000 0.50000
11 1.00000 1.00000
8 1.00000 1.00000
3 1.00000 1.00000
14 1.00000 0.92857
7 1.00000 1.00000
11 1.00000 1.00000
18 1.00000 0.94444
17 0.23611 1.00000
5 1.00000 1.00000
4 1.00000 1.00000
3 1.00000 1.00000
7 0.77778 1.00000
16 1.00000 0.93750
6 1.00000 1.00000
47 1.00000 1.00000
30 1.00000 0.46667
15 1.00000 0.80000
42 1.00000 0.73810
12 1.00000 1.00000
4 1.00000 1.00000
34 0.95000 0.55882
18 0.78261 1.00000
6 1.00000 1.00000
4 1.00000 1.00000
20 0.28169 1.00000
20 0.28169 1.00000
20 0.28169 1.00000
8 1.00000 1.00000
8 1.00000 1.00000
26 0.56522 1.00000
7 1.00000 1.00000
6 1.00000 1.00000
4 1.00000 1.00000
4 1.00000 1.00000
3 1.00000 1.00000
91 0.98305 0.63736
27 1.00000 0.77778
10 1.00000 1.00000
12 1.00000 0.91667
17 1.00000 0.70588
3 1.00000 1.00000
3 1.00000 1.00000
9 1.00000 0.88889
3 1.00000 1.00000
17 1.00000 0.82353
11 0.64706 1.00000
22 1.00000 0.72727
11 1.00000 1.00000
21 0.35000 1.00000
17 1.00000 0.70588
14 0.87500 1.00000
17 1.00000 0.70588
5 1.00000 1.00000
32 1.00000 0.37500
13 1.00000 0.61538
32 1.00000 0.37500
13 1.00000 0.61538
8 1.00000 1.00000
3 1.00000 1.00000
6 1.00000 1.00000
3 1.00000 1.00000
11 1.00000 1.00000
9 1.00000 1.00000
9 1.00000 1.00000
5 1.00000 1.00000
4 1.00000 1.00000
4 1.00000 1.00000
7 1.00000 1.00000
6 0.40000 1.00000
39 1.00000 0.58974
11 1.00000 1.00000
3 1.00000 1.00000
9 1.00000 1.00000
9 1.00000 1.00000
8 0.33333 1.00000
5 1.00000 1.00000
6 0.75000 1.00000
90 1.00000 0.76667
16 1.00000 1.00000
26 1.00000 1.00000
25 1.00000 1.00000
10 1.00000 1.00000
9 0.90000 1.00000
8 1.00000 1.00000
9 1.00000 1.00000
4 1.00000 1.00000
4 1.00000 1.00000
3 1.00000 1.00000
34 0.95455 0.61765
9 1.00000 0.55556
8 0.33333 1.00000
22 0.42308 1.00000
8 0.88889 1.00000
3 1.00000 1.00000
3 1.00000 1.00000
21 1.00000 0.90476
14 1.00000 1.00000
25 0.96154 1.00000
4 1.00000 1.00000
25 1.00000 0.72000
25 0.96154 1.00000
22 0.42308 1.00000
4 1.00000 1.00000
56 0.90323 1.00000
14 1.00000 1.00000
33 1.00000 0.96970
14 1.00000 0.92857
9 1.00000 0.66667
7 1.00000 1.00000
33 0.52381 1.00000
20 0.95238 1.00000
6 1.00000 1.00000
6 1.00000 1.00000
41 1.00000 1.00000
20 1.00000 0.60000
18 1.00000 0.50000
9 1.00000 1.00000
5 1.00000 1.00000
9 0.75000 1.00000
4 1.00000 1.00000
11 1.00000 1.00000
10 0.90909 1.00000
10 1.00000 1.00000
14 0.40000 1.00000
3 1.00000 1.00000
5 0.83333 1.00000
25 0.96154 1.00000
22 0.42308 1.00000
6 0.75000 1.00000
3 1.00000 1.00000
8 1.00000 1.00000
6 0.85714 1.00000
5 1.00000 1.00000
23 0.95652 0.95652
9 0.20000 1.00000
8 1.00000 1.00000
8 1.00000 1.00000
8 1.00000 1.00000
8 1.00000 1.00000
8 1.00000 1.00000
8 1.00000 1.00000
8 1.00000 1.00000
8 1.00000 1.00000
8 1.00000 1.00000
6 1.00000 1.00000
36 0.00064 1.00000
30 1.00000 0.90000
15 1.00000 1.00000
13 0.76471 1.00000
10 1.00000 1.00000
54 1.00000 1.00000
35 1.00000 0.68571
9 1.00000 1.00000
45 1.00000 0.40000
11 1.00000 1.00000
8 0.88889 1.00000
7 1.00000 1.00000
11 1.00000 1.00000
11 1.00000 1.00000
12 0.92308 1.00000
6 0.85714 1.00000
10 0.66667 1.00000
9 1.00000 1.00000
42 1.00000 0.73810
13 0.87500 0.53846
12 1.00000 1.00000
8 0.80000 1.00000
8 0.88889 1.00000
7 0.58333 1.00000
4 1.00000 1.00000
6 1.00000 1.00000
117 0.96825 0.52137
19 0.70370 1.00000
18 0.85714 1.00000
10 1.00000 1.00000
31 0.96774 0.96774
4 1.00000 1.00000
3 1.00000 1.00000
15 1.00000 1.00000
7 1.00000 1.00000
8 0.88889 1.00000
7 1.00000 1.00000
4 1.00000 1.00000
7 1.00000 1.00000
5 1.00000 1.00000
6 0.23077 1.00000
3 1.00000 1.00000
20 1.00000 1.00000
17 0.94444 1.00000
16 1.00000 0.93750
16 0.64000 1.00000
8 1.00000 1.00000
5 1.00000 1.00000
4 1.00000 1.00000
3 1.00000 1.00000
3 1.00000 1.00000
44 0.89474 0.77273
30 0.58621 0.56667
27 1.00000 0.96296
16 1.00000 1.00000
16 1.00000 1.00000
32 1.00000 0.37500
6 1.00000 1.00000
6 1.00000 1.00000
15 1.00000 1.00000
28 1.00000 0.60714
17 1.00000 0.76471
3 1.00000 1.00000
3 1.00000 1.00000
5 1.00000 1.00000
20 0.27778 1.00000
18 1.00000 0.94444
16 0.76190 1.00000
3 1.00000 1.00000
4 1.00000 1.00000
10 1.00000 0.90000
52 1.00000 1.00000
7 0.16279 1.00000
52 1.00000 1.00000
7 0.16279 1.00000
25 0.96154 1.00000
22 0.42308 1.00000
30 0.90909 1.00000
6 1.00000 1.00000
13 1.00000 0.61538
12 1.00000 1.00000
10 0.90909 1.00000
8 0.80000 1.00000
8 0.88889 1.00000
7 0.58333 1.00000
4 1.00000 1.00000
13 1.00000 0.61538
12 1.00000 1.00000
10 0.90909 1.00000
8 0.80000 1.00000
8 0.88889 1.00000
7 0.58333 1.00000
4 1.00000 1.00000
4 1.00000 1.00000
7 0.70000 1.00000
3 1.00000 1.00000
8 0.88889 1.00000
6 1.00000 1.00000
9 1.00000 0.88889
3 1.00000 1.00000
3 1.00000 1.00000
42 1.00000 0.73810
13 0.81250 1.00000
12 1.00000 1.00000
7 0.58333 1.00000
9 1.00000 1.00000
3 1.00000 1.00000
8 0.88889 1.00000
3 1.00000 1.00000
7 0.87500 1.00000
3 1.00000 1.00000
42 1.00000 0.73810
13 0.87500 0.53846
12 1.00000 1.00000
9 0.75000 1.00000
8 0.88889 1.00000
4 1.00000 1.00000
15 0.93750 1.00000
3 1.00000 1.00000
10 0.71429 1.00000
10 1.00000 0.90000
7 1.00000 1.00000
19 1.00000 0.63158
6 1.00000 1.00000
5 1.00000 1.00000
3 1.00000 1.00000
8 1.00000 1.00000
4 1.00000 1.00000
10 1.00000 1.00000
11 1.00000 1.00000
8 1.00000 1.00000
8 0.88889 1.00000
22 1.00000 0.90909
16 0.34783 1.00000
8 1.00000 1.00000
18 0.94737 1.00000
52 1.00000 1.00000
45 0.80357 1.00000
34 0.88889 0.23529
8 1.00000 1.00000
7 0.16279 1.00000
7 1.00000 1.00000
6 0.10714 1.00000
66 0.00113 0.96970
35 0.94118 0.45714
6 0.85714 1.00000
34 0.95000 0.55882
18 0.78261 1.00000
4 1.00000 1.00000
8 1.00000 1.00000
7 1.00000 0.85714
8 1.00000 1.00000
7 1.00000 0.85714
3 1.00000 1.00000
4 1.00000 1.00000
16 0.94118 1.00000
10 0.76923 1.00000
9 1.00000 1.00000
7 1.00000 1.00000
6 0.08000 1.00000
5 1.00000 1.00000
4 1.00000 1.00000
4 1.00000 1.00000
7 1.00000 1.00000
52 0.85366 0.67308
41 0.85106 0.97561
26 0.92308 0.46154
14 0.93333 1.00000
12 0.92308 1.00000
11 1.00000 1.00000
7 1.00000 1.00000
5 0.83333 1.00000
9 1.00000 1.00000
6 1.00000 1.00000
5 1.00000 1.00000
4 1.00000 1.00000
6 1.00000 1.00000
6 1.00000 1.00000
6 1.00000 1.00000
138 0.98113 0.75362
72 0.96774 0.83333
47 0.79661 1.00000
20 1.00000 1.00000
14 0.87500 1.00000
10 1.00000 1.00000
3 1.00000 1.00000
3 1.00000 1.00000
6 1.00000 1.00000
24 1.00000 0.41667
14 1.00000 1.00000
9 0.81818 1.00000
5 1.00000 1.00000
13 0.81250 1.00000
10 0.76923 1.00000
7 0.87500 1.00000
5 1.00000 1.00000
3 1.00000 1.00000
3 1.00000 1.00000
29 0.52727 1.00000
27 0.75000 1.00000
12 0.85714 1.00000
8 0.80000 1.00000
6 1.00000 1.00000
9 1.00000 1.00000
6 1.00000 1.00000
5 1.00000 1.00000
7 1.00000 1.00000
6 1.00000 1.00000
5 1.00000 1.00000
33 0.05709 1.00000
3 1.00000 1.00000
7 1.00000 1.00000
7 1.00000 1.00000
6 0.12766 1.00000
6 0.40000 1.00000
62 0.91176 1.00000
24 1.00000 0.79167
19 0.76000 1.00000
8 1.00000 1.00000
8 1.00000 1.00000
5 1.00000 1.00000
33 0.48571 0.51515
7 0.87500 1.00000
3 1.00000 1.00000
8 1.00000 1.00000
8 1.00000 1.00000
6 1.00000 1.00000
24 0.92308 1.00000
37 0.97222 0.94595
12 1.00000 1.00000
9 1.00000 1.00000
6 1.00000 1.00000
6 0.54545 1.00000
5 1.00000 1.00000
71 0.00117 0.92958
21 1.00000 1.00000
11 1.00000 1.00000
9 1.00000 1.00000
7 1.00000 1.00000
6 1.00000 1.00000
3 1.00000 1.00000
7 0.87500 1.00000
4 1.00000 1.00000
7 0.87500 1.00000
4 1.00000 1.00000
3 1.00000 1.00000
28 1.00000 0.60714
17 1.00000 0.76471
9 0.75000 1.00000
19 1.00000 1.00000
14 1.00000 1.00000
6 0.85714 1.00000
5 1.00000 1.00000
18 1.00000 0.66667
6 1.00000 1.00000
3 1.00000 1.00000
27 0.47368 0.66667
17 0.80952 1.00000
14 0.93333 1.00000
9 1.00000 1.00000
7 0.87500 1.00000
33 0.97059 1.00000
16 1.00000 0.93750
10 1.00000 1.00000
8 1.00000 1.00000
8 1.00000 1.00000
12 0.00021 1.00000
20 1.00000 0.85000
20 1.00000 0.85000
9 0.75000 1.00000
6 1.00000 1.00000
5 1.00000 1.00000
4 1.00000 1.00000
3 1.00000 1.00000
3 1.00000 1.00000
20 1.00000 0.85000
20 1.00000 0.85000
13 0.81250 1.00000
12 1.00000 1.00000
7 1.00000 1.00000
42 1.00000 0.73810
12 1.00000 1.00000
7 0.58333 1.00000
7 0.87500 1.00000
25 0.96154 1.00000
34 0.48571 0.50000
11 1.00000 1.00000
3 1.00000 1.00000
8 1.00000 0.62500
3 1.00000 1.00000
25 0.96154 1.00000
22 0.42308 1.00000
6 1.00000 1.00000
35 1.00000 0.97143
26 0.92593 0.96154
24 1.00000 0.41667
14 1.00000 1.00000
9 0.81818 1.00000
5 1.00000 1.00000
9 0.90000 1.00000
9 0.90000 1.00000
8 1.00000 1.00000
7 0.50000 1.00000
6 1.00000 0.50000
6 1.00000 0.83333
14 0.93333 1.00000
13 1.00000 0.61538
7 0.87500 1.00000
4 1.00000 1.00000
36 1.00000 0.47222
20 1.00000 1.00000
7 0.70000 1.00000
3 1.00000 1.00000
6 1.00000 0.83333
5 1.00000 1.00000
5 1.00000 1.00000
3 1.00000 1.00000
16 1.00000 1.00000
14 1.00000 0.92857
11 1.00000 0.90909
9 1.00000 1.00000
9 0.90000 1.00000
8 1.00000 1.00000
7 1.00000 1.00000
6 1.00000 1.00000
5 1.00000 1.00000
3 1.00000 1.00000
3 1.00000 1.00000
25 0.96154 1.00000
22 0.42308 1.00000
8 1.00000 1.00000
8 1.00000 1.00000
8 1.00000 1.00000
9 1.00000 1.00000
9 1.00000 0.88889
9 0.81818 1.00000
9 1.00000 0.88889
9 0.81818 1.00000
7 1.00000 0.85714
7 1.00000 1.00000
4 1.00000 1.00000
3 1.00000 1.00000
18 0.00032 1.00000
15 0.93750 1.00000
4 1.00000 1.00000
26 0.92593 0.96154
4 1.00000 1.00000
3 1.00000 1.00000
6 1.00000 1.00000
4 1.00000 1.00000
3 1.00000 1.00000
26 0.96154 0.96154
18 0.52381 0.61111
16 1.00000 0.93750
12 0.70588 1.00000
12 0.92308 1.00000
11 1.00000 0.54545
8 1.00000 1.00000
6 0.60000 1.00000
4 1.00000 1.00000
3 1.00000 1.00000
6 1.00000 1.00000
5 1.00000 1.00000
6 1.00000 1.00000
5 1.00000 1.00000
15 1.00000 1.00000
47 1.00000 1.00000
28 1.00000 0.60714
5 0.55556 1.00000
3 1.00000 1.00000
10 1.00000 1.00000
3 1.00000 1.00000
3 1.00000 1.00000
10 1.00000 1.00000
3 1.00000 1.00000
3 1.00000 1.00000
17 0.94444 1.00000
4 1.00000 1.00000
17 1.00000 0.70588
3 1.00000 1.00000
23 1.00000 0.73913
19 0.60870 0.73684
14 1.00000 1.00000
10 1.00000 1.00000
9 1.00000 1.00000
6 0.85714 1.00000
14 0.82353 1.00000
9 0.90000 1.00000
6 1.00000 1.00000
34 0.95000 0.55882
27 0.78261 0.66667
17 1.00000 0.94118
31 0.96875 1.00000
14 0.87500 1.00000
3 1.00000 1.00000
11 1.00000 0.81818
11 1.00000 0.81818
15 0.93750 1.00000
12 0.75000 1.00000
10 1.00000 0.90000
3 1.00000 1.00000
34 0.65116 0.82353
5 1.00000 1.00000
6 1.00000 1.00000
3 1.00000 1.00000
3 1.00000 1.00000
4 1.00000 1.00000
13 1.00000 1.00000
3 1.00000 1.00000
3 1.00000 1.00000
3 1.00000 1.00000
3 1.00000 1.00000
4 1.00000 1.00000
4 1.00000 1.00000
13 1.00000 0.53846
11 1.00000 1.00000
9 1.00000 1.00000
4 1.00000 1.00000
3 1.00000 1.00000
3 1.00000 1.00000
13 1.00000 0.53846
6 1.00000 1.00000
6 1.00000 1.00000
5 1.00000 1.00000
4 1.00000 1.00000
4 1.00000 1.00000
3 1.00000 1.00000
3 1.00000 1.00000
52 1.00000 1.00000
34 0.88889 0.23529
25 0.96154 1.00000
8 1.00000 1.00000
7 1.00000 1.00000
3 1.00000 1.00000
3 1.00000 1.00000
11 1.00000 1.00000
14 0.73684 1.00000
10 1.00000 1.00000
7 1.00000 1.00000
15 0.00027 1.00000
4 1.00000 1.00000
3 1.00000 1.00000
58 0.92157 0.81034
12 1.00000 0.91667
6 1.00000 1.00000
8 1.00000 1.00000
8 1.00000 1.00000
47 0.90698 0.82979
7 0.70000 1.00000
3 1.00000 1.00000
8 1.00000 1.00000
3 1.00000 1.00000
7 0.58333 1.00000
5 1.00000 1.00000
4 1.00000 1.00000
52 1.00000 1.00000
43 0.76786 1.00000
37 1.00000 0.24324
7 0.16279 1.00000
7 1.00000 1.00000
6 0.10714 1.00000
3 1.00000 1.00000
31 0.96875 1.00000
21 0.60000 1.00000
14 0.87500 1.00000
3 1.00000 1.00000
11 1.00000 1.00000
32 1.00000 0.37500
8 1.00000 1.00000
32 1.00000 0.37500
8 1.00000 1.00000
4 1.00000 1.00000
6 0.85714 1.00000
6 0.85714 1.00000
11 1.00000 1.00000
6 0.85714 1.00000
94 0.98901 0.95745
66 0.00110 0.93939
32 1.00000 1.00000
24 0.48000 1.00000
17 0.00030 1.00000
11 0.00019 1.00000
9 1.00000 1.00000
8 1.00000 1.00000
13 1.00000 0.53846
3 1.00000 1.00000
7 0.16279 1.00000
3 1.00000 1.00000
7 0.16279 1.00000
3 1.00000 1.00000
6 1.00000 1.00000
3 1.00000 1.00000
3 1.00000 1.00000
26 0.96296 1.00000
10 0.58824 1.00000
8 0.61538 1.00000
11 1.00000 1.00000
6 0.85714 1.00000
7 0.87500 1.00000
3 1.00000 1.00000
8 1.00000 1.00000
4 1.00000 1.00000
4 1.00000 1.00000
14 0.58333 1.00000
8 0.88889 1.00000
15 0.00027 1.00000
6 1.00000 1.00000
29 0.52727 1.00000
27 0.75000 1.00000
12 0.85714 1.00000
8 0.80000 1.00000
6 1.00000 1.00000
10 0.71429 1.00000
8 1.00000 1.00000
7 0.87500 1.00000
8 1.00000 1.00000
7 0.87500 1.00000
25 0.96154 1.00000
22 0.42308 1.00000
8 1.00000 0.62500
14 0.66667 1.00000
10 0.71429 1.00000
13 0.87500 0.53846
12 1.00000 1.00000
11 0.91667 1.00000
8 1.00000 1.00000
6 1.00000 1.00000
3 1.00000 1.00000
31 0.54545 0.96774
19 0.57576 1.00000
16 0.55172 1.00000
11 1.00000 1.00000
11 1.00000 0.81818
8 0.33333 1.00000
12 1.00000 1.00000
4 1.00000 1.00000
4 1.00000 1.00000
11 1.00000 1.00000
13 1.00000 1.00000
11 0.91667 1.00000
11 0.52381 1.00000
10 1.00000 1.00000
8 1.00000 1.00000
8 1.00000 1.00000
7 1.00000 1.00000
6 0.54545 1.00000
6 1.00000 1.00000
5 1.00000 1.00000
4 1.00000 1.00000
3 1.00000 1.00000
3 1.00000 1.00000
6 0.75000 1.00000
6 0.75000 1.00000
20 1.00000 0.80000
12 0.92308 1.00000
7 1.00000 1.00000
6 1.00000 1.00000
3 1.00000 1.00000
43 0.76786 1.00000
10 0.90909 1.00000
51 0.93750 0.58824
13 0.81250 1.00000
11 0.91667 1.00000
4 1.00000 1.00000
14 0.93333 1.00000
11 0.91667 1.00000
8 0.88889 1.00000
7 0.77778 1.00000
3 1.00000 1.00000
17 0.37778 1.00000
16 0.45714 1.00000
14 0.93333 1.00000
10 1.00000 1.00000
9 1.00000 1.00000
7 0.87500 1.00000
20 0.95238 1.00000
19 0.76000 1.00000
11 1.00000 1.00000
7 0.58333 1.00000
20 0.95238 1.00000
19 0.76000 1.00000
11 1.00000 1.00000
3 1.00000 1.00000
3 1.00000 1.00000
3 1.00000 1.00000
3 1.00000 1.00000
3 1.00000 1.00000
3 1.00000 1.00000
3 1.00000 1.00000
3 1.00000 1.00000
3 1.00000 1.00000
17 1.00000 0.88235
16 1.00000 0.93750
7 1.00000 1.00000
7 1.00000 1.00000
7 1.00000 1.00000
6 1.00000 1.00000
6 1.00000 0.83333
3 1.00000 1.00000
6 0.85714 1.00000
3 1.00000 1.00000
5 1.00000 1.00000
6 1.00000 1.00000
4 1.00000 1.00000
4 1.00000 1.00000
5 1.00000 1.00000
6 0.85714 1.00000
5 1.00000 1.00000
3 1.00000 1.00000
5 1.00000 1.00000
3 1.00000 1.00000
9 1.00000 1.00000
3 1.00000 1.00000
20 1.00000 0.80000
10 1.00000 1.00000
8 1.00000 0.87500
4 1.00000 1.00000
4 1.00000 1.00000
20 1.00000 0.80000
10 1.00000 1.00000
8 1.00000 0.87500
4 1.00000 1.00000
6 1.00000 1.00000
7 1.00000 1.00000
6 0.00011 1.00000
36 0.90909 0.83333
11 1.00000 1.00000
26 0.96154 0.96154
12 0.52174 1.00000
11 1.00000 1.00000
10 1.00000 1.00000
8 1.00000 1.00000
7 1.00000 1.00000
7 0.70000 1.00000
41 1.00000 0.51220
7 0.33333 1.00000
6 1.00000 1.00000
3 1.00000 1.00000
3 1.00000 1.00000
6 1.00000 1.00000
4 1.00000 1.00000
3 1.00000 1.00000
60 0.95652 0.36667
21 0.35000 1.00000
3 1.00000 1.00000
27 0.96429 1.00000
23 1.00000 1.00000
7 1.00000 1.00000
6 1.00000 0.83333
9 0.90000 1.00000
4 1.00000 1.00000
3 1.00000 1.00000
3 1.00000 1.00000
3 1.00000 1.00000
3 1.00000 1.00000
10 0.90909 1.00000
10 0.90909 1.00000
10 0.90909 1.00000
10 0.90909 1.00000
10 0.90909 1.00000
10 0.90909 1.00000
23 0.23000 1.00000
18 1.00000 1.00000
14 1.00000 1.00000
8 1.00000 1.00000
8 1.00000 1.00000
20 0.95238 1.00000
19 0.76000 1.00000
11 1.00000 1.00000
3 1.00000 1.00000
3 1.00000 1.00000
8 1.00000 1.00000
8 1.00000 1.00000
3 1.00000 1.00000
6 1.00000 1.00000
3 1.00000 1.00000
5 0.83333 1.00000
4 1.00000 1.00000
20 0.95238 1.00000
19 0.76000 1.00000
11 1.00000 1.00000
14 0.58333 1.00000
6 1.00000 1.00000
28 0.86667 0.92857
36 0.86111 0.86111
14 0.93333 1.00000
11 1.00000 0.81818
8 1.00000 1.00000
6 1.00000 1.00000
6 1.00000 1.00000
3 1.00000 1.00000
3 1.00000 1.00000
7 0.87500 1.00000
9 1.00000 1.00000
7 1.00000 1.00000
6 1.00000 1.00000
3 1.00000 1.00000
3 1.00000 1.00000
3 1.00000 1.00000
3 1.00000 1.00000
14 1.00000 1.00000
7 0.58333 1.00000
5 1.00000 1.00000
3 1.00000 1.00000
5 1.00000 1.00000
6 0.85714 1.00000
9 0.00016 1.00000
4 1.00000 1.00000
4 1.00000 1.00000
8 1.00000 1.00000
5 0.83333 1.00000
12 0.00021 1.00000
12 1.00000 1.00000
10 0.90909 1.00000
9 0.90000 1.00000
14 0.58333 1.00000
10 0.90909 1.00000
10 0.90909 1.00000
20 1.00000 0.95000
10 1.00000 0.90000
20 1.00000 0.95000
10 1.00000 0.90000
10 0.90909 1.00000
6 1.00000 1.00000
7 0.87500 1.00000
3 1.00000 1.00000
8 1.00000 1.00000
3 1.00000 1.00000
3 1.00000 1.00000
7 0.87500 1.00000
8 1.00000 1.00000
8 1.00000 1.00000
18 1.00000 0.88889
12 1.00000 1.00000
11 1.00000 1.00000
5 1.00000 1.00000
3 1.00000 1.00000
13 0.87500 0.53846
13 0.81250 1.00000
12 1.00000 1.00000
12 1.00000 0.66667
8 0.88889 1.00000
4 1.00000 1.00000
14 0.66667 1.00000
14 0.93333 1.00000
11 1.00000 1.00000
11 0.91667 1.00000
3 1.00000 1.00000
3 1.00000 1.00000
5 1.00000 1.00000
3 1.00000 1.00000
27 0.95238 0.74074
26 0.72222 1.00000
8 1.00000 1.00000
7 1.00000 1.00000
7 1.00000 1.00000
6 0.31579 1.00000
6 1.00000 1.00000
5 0.62500 1.00000
4 1.00000 1.00000
4 1.00000 1.00000
3 1.00000 1.00000
3 1.00000 1.00000
3 1.00000 1.00000
5 1.00000 1.00000
3 1.00000 1.00000
14 0.87500 1.00000
3 1.00000 1.00000
15 0.71429 1.00000
7 1.00000 0.57143
25 0.96154 1.00000
3 1.00000 1.00000
8 1.00000 1.00000
5 0.83333 1.00000
4 1.00000 1.00000
3 1.00000 1.00000
3 1.00000 1.00000
3 1.00000 1.00000
3 1.00000 1.00000
18 1.00000 0.88889
12 1.00000 1.00000
11 1.00000 1.00000
5 1.00000 1.00000
3 1.00000 1.00000
6 1.00000 1.00000
3 1.00000 1.00000
3 1.00000 1.00000
3 1.00000 1.00000
3 1.00000 1.00000
17 1.00000 0.94118
13 0.00023 1.00000
14 1.00000 1.00000
7 0.58333 1.00000
5 1.00000 1.00000
9 1.00000 1.00000
3 1.00000 1.00000
3 1.00000 1.00000
34 0.82927 1.00000
46 1.00000 0.39130
32 0.93333 0.87500
18 0.78261 1.00000
5 1.00000 1.00000
3 1.00000 1.00000
3 1.00000 1.00000
6 1.00000 1.00000
6 1.00000 1.00000
6 1.00000 1.00000
6 1.00000 1.00000
5 1.00000 1.00000
8 1.00000 1.00000
3 1.00000 1.00000
9 1.00000 0.88889
3 1.00000 1.00000
3 1.00000 1.00000
9 0.90000 1.00000
6 1.00000 1.00000
3 1.00000 1.00000
4 1.00000 1.00000
4 1.00000 1.00000
32 1.00000 0.37500
5 1.00000 1.00000
8 1.00000 1.00000
7 0.77778 1.00000
6 1.00000 0.83333
5 0.83333 1.00000
96 1.00000 0.32292
13 0.81250 1.00000
7 0.87500 1.00000
4 1.00000 1.00000
4 1.00000 1.00000
3 1.00000 1.00000
7 1.00000 1.00000
11 1.00000 0.90909
8 1.00000 1.00000
7 1.00000 1.00000
69 1.00000 0.68116
25 1.00000 0.96000
22 1.00000 0.50000
16 1.00000 1.00000
12 1.00000 1.00000
10 1.00000 0.90000
9 1.00000 1.00000
7 0.87500 1.00000
6 1.00000 0.83333
4 1.00000 1.00000
3 1.00000 1.00000
3 1.00000 1.00000
3 1.00000 1.00000
6 0.00011 1.00000
17 1.00000 0.70588
5 1.00000 1.00000
3 1.00000 1.00000
28 0.94118 0.57143
21 1.00000 0.90476
9 1.00000 1.00000
3 1.00000 1.00000
52 1.00000 1.00000
45 0.80357 1.00000
37 1.00000 0.24324
25 0.96154 1.00000
7 0.16279 1.00000
7 1.00000 1.00000
6 0.10714 1.00000
3 1.00000 1.00000
25 1.00000 0.96000
13 1.00000 1.00000
8 1.00000 1.00000
3 1.00000 1.00000
3 1.00000 1.00000
3 1.00000 1.00000
3 1.00000 1.00000
3 1.00000 1.00000
11 1.00000 1.00000
8 1.00000 1.00000
7 0.77778 1.00000
6 1.00000 0.83333
11 0.84615 1.00000
4 1.00000 1.00000
6 1.00000 1.00000
62 0.82353 0.90323
55 0.93220 1.00000
4 1.00000 1.00000
6 1.00000 1.00000
3 1.00000 1.00000
3 1.00000 1.00000
47 0.97778 0.93617
27 1.00000 0.66667
15 1.00000 1.00000
14 0.14000 1.00000
11 0.73333 1.00000
11 1.00000 1.00000
4 1.00000 1.00000
22 1.00000 0.95455
13 0.87500 0.53846
13 0.81250 1.00000
12 1.00000 1.00000
4 1.00000 1.00000
3 1.00000 1.00000
7 1.00000 1.00000
5 0.29412 1.00000
3 1.00000 1.00000
4 1.00000 1.00000
3 1.00000 1.00000
7 1.00000 1.00000
3 1.00000 1.00000
6 0.23077 1.00000
3 1.00000 1.00000
3 1.00000 1.00000
3 1.00000 1.00000
5 1.00000 1.00000
51 0.83333 0.98039
12 0.80000 1.00000
4 1.00000 1.00000
15 0.93750 1.00000
7 1.00000 1.00000
3 1.00000 1.00000
7 1.00000 1.00000
11 0.84615 1.00000
4 1.00000 1.00000
3 1.00000 1.00000
49 1.00000 0.40816
27 0.96296 0.96296
25 1.00000 0.40000
16 1.00000 0.68750
14 1.00000 1.00000
10 0.90909 1.00000
7 1.00000 1.00000
3 1.00000 1.00000
154 0.97101 0.43506
118 0.98413 0.52542
81 0.86813 0.97531
35 1.00000 0.68571
30 1.00000 0.90000
25 0.92593 1.00000
21 0.95238 0.95238
21 1.00000 1.00000
18 1.00000 0.94444
10 1.00000 1.00000
10 1.00000 1.00000
16 1.00000 1.00000
14 1.00000 0.92857
11 1.00000 0.90909
9 1.00000 1.00000
9 0.90000 1.00000
8 1.00000 1.00000
7 1.00000 1.00000
6 1.00000 1.00000
5 1.00000 1.00000
4 1.00000 1.00000
7 1.00000 1.00000
20 0.63333 0.95000
16 1.00000 1.00000
14 1.00000 0.57143
12 1.00000 1.00000
12 1.00000 1.00000
11 1.00000 0.90909
7 0.58333 1.00000
4 1.00000 1.00000
8 1.00000 1.00000
5 0.83333 1.00000
39 0.00030 0.43590
36 0.42553 0.55556
36 0.91667 0.91667
19 0.57576 1.00000
6 1.00000 1.00000
9 1.00000 0.88889
7 1.00000 1.00000
3 1.00000 1.00000
3 1.00000 1.00000
9 1.00000 1.00000
3 1.00000 1.00000
11 1.00000 1.00000
7 1.00000 1.00000
4 1.00000 1.00000
68 0.97059 0.97059
25 1.00000 0.76000
19 1.00000 0.57895
17 1.00000 0.82353
7 0.70000 1.00000
4 1.00000 1.00000
25 1.00000 0.44000
7 1.00000 1.00000
6 1.00000 0.50000
6 1.00000 1.00000
5 1.00000 1.00000
5 1.00000 1.00000
5 1.00000 1.00000
3 1.00000 1.00000
52 1.00000 1.00000
11 1.00000 1.00000
7 0.16279 1.00000
13 1.00000 1.00000
12 1.00000 1.00000
11 0.91667 1.00000
10 1.00000 1.00000
9 1.00000 1.00000
9 0.21951 1.00000
8 1.00000 1.00000
8 1.00000 1.00000
8 1.00000 1.00000
7 1.00000 1.00000
6 1.00000 1.00000
6 1.00000 1.00000
6 1.00000 1.00000
6 1.00000 1.00000
5 1.00000 1.00000
5 1.00000 1.00000
5 1.00000 1.00000
4 1.00000 1.00000
3 1.00000 1.00000
9 0.75000 1.00000
7 1.00000 0.85714
3 1.00000 1.00000
8 1.00000 1.00000
10 0.90909 1.00000
3 1.00000 1.00000
7 1.00000 1.00000
3 1.00000 1.00000
3 1.00000 1.00000
11 1.00000 1.00000
83 0.95588 0.78313
55 0.93220 1.00000
16 1.00000 0.93750
3 1.00000 1.00000
3 1.00000 1.00000
6 1.00000 1.00000
7 1.00000 1.00000
10 1.00000 1.00000
5 0.83333 1.00000
4 1.00000 1.00000
4 1.00000 1.00000
10 1.00000 1.00000
5 0.83333 1.00000
4 1.00000 1.00000
4 1.00000 1.00000
3 1.00000 1.00000
41 0.78846 1.00000
25 0.86207 1.00000
23 0.88462 1.00000
11 1.00000 0.54545
15 0.93750 1.00000
21 0.95000 0.90476
3 1.00000 1.00000
108 1.00000 0.24074
32 0.96774 0.93750
17 1.00000 1.00000
9 1.00000 1.00000
8 0.88889 1.00000
7 1.00000 0.57143
8 1.00000 1.00000
5 0.83333 1.00000
3 1.00000 1.00000
3 1.00000 1.00000
3 1.00000 1.00000
3 1.00000 1.00000
3 1.00000 1.00000
34 1.00000 0.50000
4 1.00000 1.00000
3 1.00000 1.00000
6 1.00000 1.00000
3 1.00000 1.00000
3 1.00000 1.00000
13 1.00000 1.00000
11 1.00000 1.00000
11 0.91667 1.00000
10 1.00000 1.00000
9 1.00000 1.00000
9 0.21951 1.00000
8 1.00000 1.00000
8 1.00000 1.00000
8 1.00000 1.00000
7 1.00000 1.00000
6 1.00000 1.00000
6 1.00000 1.00000
6 1.00000 1.00000
6 1.00000 1.00000
6 1.00000 1.00000
5 1.00000 1.00000
5 1.00000 1.00000
4 1.00000 1.00000
3 1.00000 1.00000
3 1.00000 1.00000
33 0.82353 0.42424
20 1.00000 0.60000
20 0.63333 0.95000
16 1.00000 1.00000
13 0.87500 0.53846
13 1.00000 0.61538
11 0.91667 1.00000
11 1.00000 0.90909
11 1.00000 0.81818
10 0.90909 1.00000
5 1.00000 1.00000
5 0.29412 1.00000
4 1.00000 1.00000
36 0.86111 0.86111
35 0.55738 0.97143
33 0.91667 1.00000
32 1.00000 0.37500
30 0.52727 0.96667
19 0.57576 1.00000
14 0.93333 1.00000
13 1.00000 0.61538
11 1.00000 0.81818
11 1.00000 0.81818
8 0.33333 1.00000
6 1.00000 1.00000
21 0.35000 1.00000
3 1.00000 1.00000
6 1.00000 1.00000
6 1.00000 1.00000
5 0.62500 1.00000
3 1.00000 1.00000
18 0.94737 1.00000
11 1.00000 0.90909
18 1.00000 1.00000
4 1.00000 1.00000
11 0.78571 1.00000
10 0.90909 1.00000
6 1.00000 1.00000
5 0.62500 1.00000
5 1.00000 1.00000
5 1.00000 1.00000
4 1.00000 1.00000
4 1.00000 1.00000
3 1.00000 1.00000
4 1.00000 1.00000
4 1.00000 1.00000
52 1.00000 1.00000
7 0.16279 1.00000
68 0.97059 0.97059
25 1.00000 1.00000
25 1.00000 0.76000
19 1.00000 0.57895
17 1.00000 0.82353
10 1.00000 1.00000
8 1.00000 1.00000
7 0.70000 1.00000
4 1.00000 1.00000
10 1.00000 0.50000
9 1.00000 1.00000
6 1.00000 0.83333
5 1.00000 1.00000
4 1.00000 1.00000
3 1.00000 1.00000
3 1.00000 1.00000
4 1.00000 1.00000
3 1.00000 1.00000
31 0.96774 0.96774
11 1.00000 1.00000
6 1.00000 1.00000
3 1.00000 1.00000
4 1.00000 1.00000
43 0.76786 1.00000
7 1.00000 1.00000
9 1.00000 1.00000
8 1.00000 1.00000
7 1.00000 0.85714
4 1.00000 1.00000
4 1.00000 1.00000
3 1.00000 1.00000
3 1.00000 1.00000
6 1.00000 1.00000
6 1.00000 1.00000
6 1.00000 1.00000
6 1.00000 1.00000
6 1.00000 1.00000
6 1.00000 1.00000
7 1.00000 1.00000
5 0.62500 1.00000
5 1.00000 1.00000
4 1.00000 1.00000
3 1.00000 1.00000
3 1.00000 1.00000
9 1.00000 1.00000
25 0.96154 1.00000
3 1.00000 1.00000
27 0.89655 0.96296
3 1.00000 1.00000
21 0.80769 1.00000
12 1.00000 0.91667
6 0.75000 1.00000
9 0.20000 1.00000
43 0.76786 1.00000
13 0.72727 0.61538
12 1.00000 1.00000
10 0.55556 1.00000
3 1.00000 1.00000
6 1.00000 1.00000
27 0.89655 0.96296
3 1.00000 1.00000
113 1.00000 0.51327
94 0.98901 0.95745
32 1.00000 1.00000
24 0.48000 1.00000
17 0.00030 1.00000
12 0.00021 1.00000
9 1.00000 1.00000
8 1.00000 1.00000
8 0.38095 1.00000
3 1.00000 1.00000
3 1.00000 1.00000
4 1.00000 1.00000
19 1.00000 1.00000
10 1.00000 1.00000
7 0.87500 1.00000
3 1.00000 1.00000
6 1.00000 1.00000
6 1.00000 1.00000
6 1.00000 1.00000
7 1.00000 0.85714
7 1.00000 0.85714
3 1.00000 1.00000
28 0.87500 0.50000
9 0.81818 1.00000
7 1.00000 1.00000
6 1.00000 1.00000
6 0.30000 1.00000
5 1.00000 1.00000
3 1.00000 1.00000
3 1.00000 1.00000
4 1.00000 1.00000
26 1.00000 0.65385
7 1.00000 1.00000
6 1.00000 0.50000
5 1.00000 1.00000
5 1.00000 1.00000
5 1.00000 1.00000
4 1.00000 1.00000
3 1.00000 1.00000
21 0.80769 1.00000
12 1.00000 0.91667
6 0.75000 1.00000
3 1.00000 1.00000
3 1.00000 1.00000
3 1.00000 1.00000
3 1.00000 1.00000
3 1.00000 1.00000
3 1.00000 1.00000
6 1.00000 1.00000
3 1.00000 1.00000
3 1.00000 1.00000
69 1.00000 0.68116
25 1.00000 0.96000
17 1.00000 0.94118
12 1.00000 1.00000
9 1.00000 1.00000
7 0.87500 1.00000
6 1.00000 0.83333
4 1.00000 1.00000
3 1.00000 1.00000
3 1.00000 1.00000
3 1.00000 1.00000
34 0.82927 1.00000
6 1.00000 1.00000
3 1.00000 1.00000
3 1.00000 1.00000
3 1.00000 1.00000
6 0.85714 1.00000
5 1.00000 1.00000
8 1.00000 1.00000
8 1.00000 1.00000
6 0.35294 1.00000
3 1.00000 1.00000
3 1.00000 1.00000
6 1.00000 1.00000
3 1.00000 1.00000
3 1.00000 1.00000
3 1.00000 1.00000
4 1.00000 1.00000
4 1.00000 1.00000
3 1.00000 1.00000
3 1.00000 1.00000
3 1.00000 1.00000
5 1.00000 1.00000
4 1.00000 1.00000
10 0.90909 1.00000
8 1.00000 1.00000
8 1.00000 1.00000
6 0.35294 1.00000
3 1.00000 1.00000
3 1.00000 1.00000
6 1.00000 1.00000
143 1.00000 0.36364
97 1.00000 0.22680
32 0.93333 0.87500
15 1.00000 1.00000
13 0.63636 0.53846
12 1.00000 0.91667
10 0.66667 1.00000
9 1.00000 1.00000
9 1.00000 0.77778
9 1.00000 1.00000
8 1.00000 1.00000
7 1.00000 0.85714
7 0.33333 1.00000
6 0.75000 1.00000
6 0.85714 1.00000
17 1.00000 0.70588
3 1.00000 1.00000
6 0.75000 1.00000
3 1.00000 1.00000
6 0.75000 1.00000
3 1.00000 1.00000
8 1.00000 1.00000
4 1.00000 1.00000
32 0.94118 1.00000
28 1.00000 0.96429
8 0.66667 1.00000
3 1.00000 1.00000
3 1.00000 1.00000
7 1.00000 1.00000
3 1.00000 1.00000
7 1.00000 1.00000
3 1.00000 1.00000
85 0.98529 0.78824
60 0.96078 0.81667
55 0.93220 1.00000
9 1.00000 1.00000
4 1.00000 1.00000
14 0.82353 1.00000
13 1.00000 1.00000
10 0.71429 1.00000
10 1.00000 0.90000
10 1.00000 0.70000
8 1.00000 1.00000
7 1.00000 1.00000
7 1.00000 1.00000
6 0.66667 1.00000
6 1.00000 1.00000
4 1.00000 1.00000
3 1.00000 1.00000
3 1.00000 1.00000
3 1.00000 1.00000
3 1.00000 1.00000
3 1.00000 1.00000
23 1.00000 0.69565
13 1.00000 0.53846
12 1.00000 0.83333
11 1.00000 0.90909
6 1.00000 1.00000
5 1.00000 1.00000
3 1.00000 1.00000
69 1.00000 0.68116
25 1.00000 0.96000
17 1.00000 0.94118
12 1.00000 1.00000
10 1.00000 0.90000
9 1.00000 1.00000
9 1.00000 1.00000
7 0.87500 1.00000
6 1.00000 0.83333
3 1.00000 1.00000
3 1.00000 1.00000
3 1.00000 1.00000
3 1.00000 1.00000
3 1.00000 1.00000
3 1.00000 1.00000
3 1.00000 1.00000
4 1.00000 1.00000
76 0.96875 0.40789
27 1.00000 0.37037
9 1.00000 1.00000
4 1.00000 1.00000
6 1.00000 1.00000
107 1.00000 0.12150
13 0.81250 1.00000
8 1.00000 1.00000
7 1.00000 1.00000
107 1.00000 0.12150
13 0.81250 1.00000
8 1.00000 1.00000
7 1.00000 1.00000
19 1.00000 1.00000
10 1.00000 1.00000
7 0.50000 1.00000
7 0.87500 1.00000
3 1.00000 1.00000
37 0.42553 0.54054
36 0.91667 0.91667
20 1.00000 0.95000
11 1.00000 0.81818
10 1.00000 0.90000
6 1.00000 1.00000
6 1.00000 1.00000
3 1.00000 1.00000
3 1.00000 1.00000
6 1.00000 1.00000
4 1.00000 1.00000
4 1.00000 1.00000
6 1.00000 1.00000
5 1.00000 1.00000
6 1.00000 1.00000
5 1.00000 1.00000
6 1.00000 1.00000
6 1.00000 1.00000
6 1.00000 1.00000
16 1.00000 0.68750
13 1.00000 0.46154
12 1.00000 1.00000
11 1.00000 1.00000
10 0.55556 1.00000
6 1.00000 1.00000
4 1.00000 1.00000
3 1.00000 1.00000
3 1.00000 1.00000
13 0.92857 1.00000
13 1.00000 1.00000
10 1.00000 1.00000
8 1.00000 1.00000
7 1.00000 1.00000
7 1.00000 1.00000
6 1.00000 0.50000
6 1.00000 1.00000
6 1.00000 1.00000
5 1.00000 1.00000
4 1.00000 1.00000
4 1.00000 1.00000
4 1.00000 1.00000
3 1.00000 1.00000
3 1.00000 1.00000
17 0.50000 0.70588
16 1.00000 1.00000
10 1.00000 1.00000
9 1.00000 1.00000
9 0.90000 1.00000
8 1.00000 1.00000
6 1.00000 1.00000
5 1.00000 1.00000
5 1.00000 1.00000
3 1.00000 1.00000
3 1.00000 1.00000
3 1.00000 1.00000
3 1.00000 1.00000
10 1.00000 0.50000
10 0.83333 1.00000
5 1.00000 1.00000
14 0.58333 1.00000
15 0.29412 1.00000
5 1.00000 1.00000
4 1.00000 1.00000
9 0.20000 1.00000
11 1.00000 1.00000
8 1.00000 1.00000
6 1.00000 1.00000
5 1.00000 1.00000
3 1.00000 1.00000
3 1.00000 1.00000
3 1.00000 1.00000
3 1.00000 1.00000
3 1.00000 1.00000
6 0.85714 1.00000
9 1.00000 1.00000
5 1.00000 1.00000
3 1.00000 1.00000
3 1.00000 1.00000
5 1.00000 1.00000
3 1.00000 1.00000
3 1.00000 1.00000
3 1.00000 1.00000
14 0.58333 1.00000
6 1.00000 1.00000
49 0.69444 0.51020
43 0.84444 0.88372
41 1.00000 0.17073
11 0.64706 1.00000
9 0.50000 1.00000
8 0.80000 1.00000
66 0.63793 0.56061
45 1.00000 0.91111
41 0.88889 0.97561
21 0.95455 1.00000
21 1.00000 0.80952
10 1.00000 1.00000
7 0.58333 1.00000
4 1.00000 1.00000
4 1.00000 1.00000
3 1.00000 1.00000
62 0.91176 1.00000
24 1.00000 0.79167
11 1.00000 1.00000
8 1.00000 1.00000
6 1.00000 1.00000
5 1.00000 1.00000
4 1.00000 1.00000
3 1.00000 1.00000
3 1.00000 1.00000
8 1.00000 1.00000
8 0.50000 1.00000
4 1.00000 1.00000
4 1.00000 1.00000
4 1.00000 1.00000
3 1.00000 1.00000
18 1.00000 0.66667
6 1.00000 1.00000
26 1.00000 0.11538
3 1.00000 1.00000
28 0.96000 0.85714
17 1.00000 0.70588
15 1.00000 0.86667
11 0.91667 1.00000
6 0.66667 1.00000
6 1.00000 1.00000
7 1.00000 1.00000
4 1.00000 1.00000
28 1.00000 0.92857
25 1.00000 0.64000
13 1.00000 1.00000
11 1.00000 1.00000
10 0.83333 1.00000
8 1.00000 1.00000
7 0.70000 1.00000
6 0.06818 1.00000
28 1.00000 0.92857
25 1.00000 0.64000
13 1.00000 1.00000
11 1.00000 1.00000
10 0.83333 1.00000
8 1.00000 1.00000
7 0.70000 1.00000
6 0.06818 1.00000
36 1.00000 0.80556
8 1.00000 1.00000
11 1.00000 1.00000
10 1.00000 1.00000
8 0.88889 1.00000
5 0.83333 1.00000
10 0.90909 1.00000
3 1.00000 1.00000
11 0.78571 1.00000
10 0.90909 1.00000
8 1.00000 1.00000
7 1.00000 1.00000
6 1.00000 1.00000
6 1.00000 0.83333
5 0.62500 1.00000
5 1.00000 1.00000
4 1.00000 1.00000
4 1.00000 1.00000
4 1.00000 1.00000
4 1.00000 1.00000
3 1.00000 1.00000
21 0.35000 1.00000
3 1.00000 1.00000
34 0.96154 0.73529
16 1.00000 1.00000
16 1.00000 1.00000
14 1.00000 0.78571
13 1.00000 1.00000
13 1.00000 0.84615
11 1.00000 1.00000
10 1.00000 1.00000
8 1.00000 0.50000
8 0.88889 1.00000
6 1.00000 1.00000
6 1.00000 1.00000
5 1.00000 1.00000
4 1.00000 1.00000
4 1.00000 1.00000
3 1.00000 1.00000
3 1.00000 1.00000
7 1.00000 1.00000
3 1.00000 1.00000
9 0.81818 1.00000
4 1.00000 1.00000
3 1.00000 1.00000
26 0.92593 0.96154
49 1.00000 0.40816
47 1.00000 0.38298
35 1.00000 0.97143
34 1.00000 0.50000
27 0.78261 0.66667
27 0.96296 0.96296
25 1.00000 0.40000
17 1.00000 0.94118
14 1.00000 1.00000
10 0.90909 1.00000
5 1.00000 1.00000
16 1.00000 1.00000
13 1.00000 1.00000
11 1.00000 1.00000
10 0.83333 1.00000
7 1.00000 1.00000
7 1.00000 1.00000
6 1.00000 1.00000
4 1.00000 1.00000
3 1.00000 1.00000
3 1.00000 1.00000
29 0.52727 1.00000
27 0.75000 1.00000
20 1.00000 0.80000
12 0.85714 1.00000
11 1.00000 0.81818
10 1.00000 1.00000
8 0.80000 1.00000
8 1.00000 0.87500
6 1.00000 1.00000
4 1.00000 1.00000
39 0.94444 0.87179
34 0.82353 0.41176
20 1.00000 0.60000
20 0.63333 0.95000
16 1.00000 1.00000
14 1.00000 0.57143
13 1.00000 0.61538
11 0.91667 1.00000
11 1.00000 0.90909
11 1.00000 0.81818
5 1.00000 1.00000
5 0.29412 1.00000
4 1.00000 1.00000
9 0.00016 1.00000
5 1.00000 1.00000
4 1.00000 1.00000
4 1.00000 1.00000
4 1.00000 1.00000
4 1.00000 1.00000
3 1.00000 1.00000
3 1.00000 1.00000
11 1.00000 0.90909
5 1.00000 1.00000
8 1.00000 1.00000
4 1.00000 1.00000
7 1.00000 1.00000
14 1.00000 1.00000
6 1.00000 0.83333
11 1.00000 1.00000
8 0.80000 1.00000
3 1.00000 1.00000
15 1.00000 0.53333
4 1.00000 1.00000
8 1.00000 1.00000
4 1.00000 1.00000
8 1.00000 1.00000
6 0.75000 1.00000
6 1.00000 0.83333
10 0.90909 1.00000
8 1.00000 1.00000
7 0.77778 1.00000
6 0.75000 1.00000
6 1.00000 0.83333
3 1.00000 1.00000
25 1.00000 0.96000
7 1.00000 1.00000
7 1.00000 1.00000
3 1.00000 1.00000
3 1.00000 1.00000
7 1.00000 1.00000
10 0.90909 1.00000
3 1.00000 1.00000
11 1.00000 1.00000
34 1.00000 1.00000
31 1.00000 0.87097
14 1.00000 1.00000
8 0.66667 1.00000
3 1.00000 1.00000
3 1.00000 1.00000
46 0.74194 1.00000
21 1.00000 1.00000
11 0.91667 1.00000
10 0.71429 1.00000
6 1.00000 1.00000
16 1.00000 1.00000
4 1.00000 1.00000
8 1.00000 1.00000
4 1.00000 1.00000
4 1.00000 1.00000
4 1.00000 1.00000
3 1.00000 1.00000
32 1.00000 0.37500
11 1.00000 1.00000
5 1.00000 1.00000
4 1.00000 1.00000
4 1.00000 1.00000
28 0.87500 0.50000
13 1.00000 0.53846
10 1.00000 0.90000
8 0.88889 1.00000
8 1.00000 0.62500
7 1.00000 0.85714
6 1.00000 1.00000
6 1.00000 1.00000
6 0.30000 1.00000
5 1.00000 1.00000
5 1.00000 1.00000
4 1.00000 1.00000
4 1.00000 1.00000
4 1.00000 1.00000
3 1.00000 1.00000
3 1.00000 1.00000
3 1.00000 1.00000
10 1.00000 1.00000
5 1.00000 1.00000
3 1.00000 1.00000
139 0.98113 0.74820
96 1.00000 0.58333
72 0.96774 0.83333
61 0.98333 0.96721
50 0.97143 0.68000
47 0.79661 1.00000
45 0.91667 0.48889
33 0.94286 1.00000
30 1.00000 0.76667
28 1.00000 0.92857
28 1.00000 0.85714
27 1.00000 1.00000
26 1.00000 0.92308
25 1.00000 1.00000
23 1.00000 1.00000
21 1.00000 0.95238
20 0.95238 1.00000
19 0.85714 0.94737
17 1.00000 1.00000
17 0.94118 0.94118
15 1.00000 0.80000
15 0.78947 1.00000
14 0.87500 1.00000
13 1.00000 1.00000
12 1.00000 1.00000
11 1.00000 1.00000
10 1.00000 1.00000
10 0.90909 1.00000
10 0.58824 1.00000
10 1.00000 1.00000
10 1.00000 1.00000
10 1.00000 1.00000
9 0.90000 1.00000
9 0.90000 1.00000
8 0.80000 1.00000
4 1.00000 1.00000
26 1.00000 0.92308
10 0.83333 1.00000
5 0.62500 1.00000
5 1.00000 1.00000
4 1.00000 1.00000
3 1.00000 1.00000
6 0.60000 1.00000
25 1.00000 0.96000
17 0.50000 0.70588
16 1.00000 1.00000
14 1.00000 1.00000
13 1.00000 1.00000
10 1.00000 1.00000
9 1.00000 1.00000
9 0.90000 1.00000
8 1.00000 1.00000
6 0.54545 1.00000
6 1.00000 1.00000
5 1.00000 1.00000
5 1.00000 1.00000
4 1.00000 1.00000
3 1.00000 1.00000
3 1.00000 1.00000
3 1.00000 1.00000
3 1.00000 1.00000
23 1.00000 1.00000
14 0.60870 1.00000
12 0.70588 1.00000
8 0.80000 1.00000
6 1.00000 1.00000
5 1.00000 1.00000
3 1.00000 1.00000
34 0.96774 0.88235
17 1.00000 1.00000
10 1.00000 1.00000
8 1.00000 1.00000
5 0.83333 1.00000
4 1.00000 1.00000
3 1.00000 1.00000
11 1.00000 1.00000
7 1.00000 1.00000
5 0.83333 1.00000
5 0.83333 1.00000
4 1.00000 1.00000
3 1.00000 1.00000
3 1.00000 1.00000
3 1.00000 1.00000
3 1.00000 1.00000
3 1.00000 1.00000
16 1.00000 1.00000
15 0.93750 1.00000
8 1.00000 1.00000
6 1.00000 1.00000
5 1.00000 1.00000
4 1.00000 1.00000
133 0.96825 0.45865
46 0.94737 0.78261
41 1.00000 1.00000
36 0.66667 1.00000
33 0.78571 1.00000
23 0.38333 1.00000
22 0.95238 0.90909
21 1.00000 1.00000
20 1.00000 0.60000
19 0.70370 1.00000
18 0.45833 0.61111
18 1.00000 0.50000
18 0.94737 1.00000
18 0.85714 1.00000
16 0.69565 1.00000
13 0.76471 1.00000
12 0.00021 1.00000
12 1.00000 1.00000
11 1.00000 1.00000
10 0.90909 1.00000
10 1.00000 1.00000
9 0.90000 1.00000
9 1.00000 1.00000
11 1.00000 1.00000
5 1.00000 1.00000
23 0.86957 0.86957
17 1.00000 0.94118
11 1.00000 1.00000
10 1.00000 1.00000
8 1.00000 1.00000
7 1.00000 1.00000
3 1.00000 1.00000
3 1.00000 1.00000
8 1.00000 1.00000
7 1.00000 1.00000
5 0.83333 1.00000
4 1.00000 1.00000
9 1.00000 1.00000
264 0.91489 0.16288
83 1.00000 0.37349
49 0.95349 0.83673
30 1.00000 0.83333
17 1.00000 0.70588
16 1.00000 0.81250
15 0.78947 1.00000
6 0.66667 1.00000
11 1.00000 0.90909
7 1.00000 0.57143
38 1.00000 0.23684
21 0.80769 1.00000
20 0.64516 1.00000
12 1.00000 0.91667
6 0.75000 1.00000
4 1.00000 1.00000
14 0.58333 1.00000
27 0.95238 0.74074
18 0.72000 1.00000
10 1.00000 1.00000
10 1.00000 1.00000
5 1.00000 1.00000
3 1.00000 1.00000
3 1.00000 1.00000
6 1.00000 1.00000
6 1.00000 1.00000
4 1.00000 1.00000
22 1.00000 0.86364
9 1.00000 0.88889
11 1.00000 1.00000
7 1.00000 1.00000
7 1.00000 1.00000
5 0.83333 1.00000
5 0.83333 1.00000
5 1.00000 1.00000
4 1.00000 1.00000
4 1.00000 1.00000
3 1.00000 1.00000
3 1.00000 1.00000
3 1.00000 1.00000
6 0.60000 1.00000
22 1.00000 0.86364
16 1.00000 0.56250
14 1.00000 0.92857
9 1.00000 0.88889
7 1.00000 1.00000
6 1.00000 1.00000
4 1.00000 1.00000
3 1.00000 1.00000
4 1.00000 1.00000
3 1.00000 1.00000
13 1.00000 1.00000
5 1.00000 1.00000
3 1.00000 1.00000
11 1.00000 0.90909
9 1.00000 1.00000
7 1.00000 0.57143
6 1.00000 0.50000
6 1.00000 1.00000
4 1.00000 1.00000
5 1.00000 1.00000
63 0.92000 0.73016
58 0.96610 0.98276
58 0.91935 0.98276
28 0.93333 0.50000
25 0.71429 1.00000
18 0.94737 1.00000
16 0.94118 1.00000
11 1.00000 0.72727
11 1.00000 1.00000
9 0.90000 1.00000
7 1.00000 1.00000
6 0.85714 1.00000
5 1.00000 1.00000
57 1.00000 0.63158
37 0.42553 0.54054
32 1.00000 0.37500
21 0.57576 0.90476
14 0.93333 1.00000
12 1.00000 1.00000
11 1.00000 0.81818
8 0.33333 1.00000
6 1.00000 1.00000
6 1.00000 1.00000
6 1.00000 1.00000
5 1.00000 1.00000
4 1.00000 1.00000
4 1.00000 1.00000
4 1.00000 1.00000
3 1.00000 1.00000
3 1.00000 1.00000
10 1.00000 0.80000
6 1.00000 1.00000
4 1.00000 1.00000
3 1.00000 1.00000
26 0.96154 0.96154
26 1.00000 0.92308
12 0.52174 1.00000
11 1.00000 1.00000
10 1.00000 1.00000
10 0.83333 1.00000
8 1.00000 1.00000
7 1.00000 1.00000
7 0.70000 1.00000
5 0.62500 1.00000
5 1.00000 1.00000
4 1.00000 1.00000
3 1.00000 1.00000
24 0.72727 1.00000
22 0.95652 1.00000
16 0.94118 1.00000
14 1.00000 0.85714
10 0.90909 1.00000
4 1.00000 1.00000
52 1.00000 1.00000
10 0.71429 1.00000
7 0.16279 1.00000
3 1.00000 1.00000
3 1.00000 1.00000
3 1.00000 1.00000
3 1.00000 1.00000
7 0.16279 1.00000
6 1.00000 1.00000
34 0.96774 0.88235
17 1.00000 1.00000
10 1.00000 1.00000
9 1.00000 1.00000
8 1.00000 1.00000
7 1.00000 1.00000
7 1.00000 1.00000
6 1.00000 1.00000
4 1.00000 1.00000
3 1.00000 1.00000
3 1.00000 1.00000
14 0.58333 1.00000
4 1.00000 1.00000
3 1.00000 1.00000
7 1.00000 1.00000
3 1.00000 1.00000
7 1.00000 1.00000
3 1.00000 1.00000
7 1.00000 1.00000
3 1.00000 1.00000
7 1.00000 1.00000
3 1.00000 1.00000
7 1.00000 1.00000
3 1.00000 1.00000
15 0.00027 1.00000
3 1.00000 1.00000
6 1.00000 1.00000
5 1.00000 1.00000
6 1.00000 1.00000
5 1.00000 1.00000
51 0.95349 0.80392
44 0.74194 0.52273
43 0.96296 0.60465
33 0.52381 1.00000
32 1.00000 0.96875
31 1.00000 0.67742
29 0.87500 0.96552
27 1.00000 0.74074
25 0.86207 1.00000
23 1.00000 1.00000
22 1.00000 0.90909
19 0.95000 1.00000
16 0.69565 1.00000
12 0.92308 1.00000
9 1.00000 1.00000
6 1.00000 1.00000
6 1.00000 1.00000
5 1.00000 1.00000
7 1.00000 1.00000
32 1.00000 0.37500
15 1.00000 0.53333
8 1.00000 1.00000
8 0.80000 1.00000
4 1.00000 1.00000
3 1.00000 1.00000
3 1.00000 1.00000
3 1.00000 1.00000
3 1.00000 1.00000
3 1.00000 1.00000
3 1.00000 1.00000
26 0.80645 0.96154
19 1.00000 1.00000
14 1.00000 1.00000
10 0.66667 1.00000
10 1.00000 0.80000
6 1.00000 1.00000
4 1.00000 1.00000
3 1.00000 1.00000
6 0.85714 1.00000
3 1.00000 1.00000
13 0.92857 1.00000
13 1.00000 1.00000
11 1.00000 1.00000
11 1.00000 0.54545
10 1.00000 1.00000
8 1.00000 1.00000
8 1.00000 1.00000
7 1.00000 1.00000
7 1.00000 1.00000
6 1.00000 0.50000
6 1.00000 1.00000
6 1.00000 1.00000
5 1.00000 1.00000
5 1.00000 1.00000
5 0.83333 1.00000
5 1.00000 1.00000
4 1.00000 1.00000
4 1.00000 1.00000
4 1.00000 1.00000
3 1.00000 1.00000
3 1.00000 1.00000
46 0.90698 0.84783
34 0.90000 0.79412
27 1.00000 0.77778
25 0.62500 1.00000
21 1.00000 0.76190
20 1.00000 1.00000
17 1.00000 0.76471
17 1.00000 0.52941
14 1.00000 0.92857
8 0.88889 1.00000
5 1.00000 1.00000
5 1.00000 1.00000
4 1.00000 1.00000
21 0.27778 0.95238
18 0.94737 1.00000
18 1.00000 0.94444
3 1.00000 1.00000
29 0.90625 1.00000
16 1.00000 1.00000
13 1.00000 1.00000
11 1.00000 1.00000
10 0.83333 1.00000
9 0.90000 1.00000
7 1.00000 1.00000
7 1.00000 1.00000
6 1.00000 1.00000
5 0.62500 1.00000
5 1.00000 1.00000
4 1.00000 1.00000
3 1.00000 1.00000
22 0.42553 0.90909
6 1.00000 1.00000
6 1.00000 1.00000
6 1.00000 1.00000
6 1.00000 1.00000
4 1.00000 1.00000
3 1.00000 1.00000
4 1.00000 1.00000
4 1.00000 1.00000
3 1.00000 1.00000
3 1.00000 1.00000
5 1.00000 1.00000
52 1.00000 1.00000
45 0.80357 1.00000
10 0.71429 1.00000
7 0.16279 1.00000
6 0.10714 1.00000
3 1.00000 1.00000
22 0.42553 0.90909
8 0.80000 1.00000
6 1.00000 1.00000
6 1.00000 1.00000
9 1.00000 1.00000
6 1.00000 1.00000
5 1.00000 1.00000
5 1.00000 1.00000
5 0.83333 1.00000
4 1.00000 1.00000
9 1.00000 1.00000
6 1.00000 1.00000
5 1.00000 1.00000
5 1.00000 1.00000
5 0.83333 1.00000
4 1.00000 1.00000
20 1.00000 0.95000
12 1.00000 1.00000
9 0.81818 1.00000
8 0.80000 1.00000
8 0.88889 1.00000
7 0.58333 1.00000
6 1.00000 1.00000
4 1.00000 1.00000
4 1.00000 1.00000
20 1.00000 0.95000
12 1.00000 1.00000
9 0.81818 1.00000
8 0.80000 1.00000
8 0.88889 1.00000
7 0.58333 1.00000
6 1.00000 1.00000
4 1.00000 1.00000
4 1.00000 1.00000
20 1.00000 0.95000
12 1.00000 1.00000
9 0.81818 1.00000
8 0.80000 1.00000
8 0.88889 1.00000
7 0.58333 1.00000
6 1.00000 1.00000
4 1.00000 1.00000
4 1.00000 1.00000
6 1.00000 1.00000
27 0.75000 1.00000
20 1.00000 0.80000
11 1.00000 0.81818
10 1.00000 1.00000
8 0.80000 1.00000
8 0.33333 1.00000
8 1.00000 0.87500
7 1.00000 1.00000
6 1.00000 1.00000
4 1.00000 1.00000
58 0.94118 0.82759
47 0.97778 0.93617
20 0.83333 1.00000
14 1.00000 1.00000
11 0.73333 1.00000
11 1.00000 1.00000
7 0.58333 1.00000
5 1.00000 1.00000
5 1.00000 1.00000
4 1.00000 1.00000
31 0.96774 0.96774
23 0.86957 0.86957
11 1.00000 1.00000
10 1.00000 1.00000
8 1.00000 1.00000
8 1.00000 1.00000
4 1.00000 1.00000
4 1.00000 1.00000
3 1.00000 1.00000
3 1.00000 1.00000
7 0.12963 1.00000
5 1.00000 1.00000
4 1.00000 1.00000
16 0.45714 1.00000
14 0.93333 1.00000
10 1.00000 1.00000
9 0.90000 1.00000
9 1.00000 1.00000
9 0.90000 1.00000
8 1.00000 1.00000
7 0.50000 1.00000
7 0.87500 1.00000
7 0.77778 1.00000
6 1.00000 0.50000
20 1.00000 1.00000
3 1.00000 1.00000
3 1.00000 1.00000
154 0.97101 0.43506
133 0.98413 0.46617
83 0.89011 0.97590
68 0.63793 0.54412
58 0.92157 0.81034
50 1.00000 0.82000
42 0.88889 0.95238
42 0.84211 0.76190
35 1.00000 0.68571
30 1.00000 0.90000
21 0.95455 1.00000
21 0.95238 0.95238
21 1.00000 1.00000
21 1.00000 0.80952
18 1.00000 0.94444
14 1.00000 1.00000
10 1.00000 1.00000
10 1.00000 1.00000
10 1.00000 1.00000
9 1.00000 1.00000
7 0.58333 1.00000
4 1.00000 1.00000
3 1.00000 1.00000
37 0.93939 0.83784
12 0.92308 1.00000
11 1.00000 1.00000
6 1.00000 1.00000
6 1.00000 1.00000
6 1.00000 1.00000
5 1.00000 1.00000
4 1.00000 1.00000
4 1.00000 1.00000
3 1.00000 1.00000
3 1.00000 1.00000
3 1.00000 1.00000
22 0.42553 0.90909
11 1.00000 1.00000
4 1.00000 1.00000
11 1.00000 1.00000
5 1.00000 1.00000
3 1.00000 1.00000
32 1.00000 0.37500
11 1.00000 1.00000
69 1.00000 0.68116
40 1.00000 0.42500
31 0.17241 0.96774
28 0.87500 0.50000
25 0.92593 1.00000
25 1.00000 0.92000
16 1.00000 1.00000
14 0.82353 1.00000
11 1.00000 0.81818
11 1.00000 1.00000
10 1.00000 1.00000
10 1.00000 0.90000
10 1.00000 1.00000
10 0.90909 1.00000
8 0.88889 1.00000
8 0.80000 1.00000
8 1.00000 0.62500
7 1.00000 1.00000
6 1.00000 1.00000
6 1.00000 1.00000
6 1.00000 0.83333
6 1.00000 1.00000
6 0.30000 1.00000
5 1.00000 1.00000
5 1.00000 1.00000
4 1.00000 1.00000
4 1.00000 1.00000
4 1.00000 1.00000
3 1.00000 1.00000
3 1.00000 1.00000
9 0.90000 1.00000
4 1.00000 1.00000
3 1.00000 1.00000
152 0.97872 0.30263
120 1.00000 0.17500
33 1.00000 0.33333
28 1.00000 0.92857
23 0.95000 0.82609
8 1.00000 1.00000
7 1.00000 1.00000
6 0.75000 1.00000
3 1.00000 1.00000
3 1.00000 1.00000
37 0.94118 0.43243
27 1.00000 1.00000
24 0.72727 1.00000
23 1.00000 1.00000
21 1.00000 0.71429
17 0.94118 0.94118
16 0.94118 1.00000
15 1.00000 0.80000
13 0.81250 1.00000
11 1.00000 0.90909
11 1.00000 1.00000
9 0.52941 1.00000
5 1.00000 1.00000
4 1.00000 1.00000
4 1.00000 1.00000
4 1.00000 1.00000
13 0.81250 1.00000
9 1.00000 1.00000
6 0.75000 1.00000
6 1.00000 0.83333
3 1.00000 1.00000
18 0.92857 0.72222
14 0.58333 1.00000
11 1.00000 1.00000
8 1.00000 1.00000
6 1.00000 1.00000
3 1.00000 1.00000
18 0.92857 0.72222
14 0.58333 1.00000
11 1.00000 1.00000
8 1.00000 1.00000
6 1.00000 1.00000
3 1.00000 1.00000
96 0.98214 0.57292
61 0.98333 0.96721
44 0.84615 1.00000
33 1.00000 1.00000
30 1.00000 0.80000
25 0.95833 0.92000
23 0.79167 0.82609
23 1.00000 1.00000
22 0.93750 0.68182
20 0.80000 1.00000
17 1.00000 1.00000
16 0.94118 1.00000
14 1.00000 0.85714
11 0.91667 1.00000
11 1.00000 1.00000
10 1.00000 1.00000
10 0.58824 1.00000
10 1.00000 1.00000
9 0.90000 1.00000
8 0.80000 1.00000
5 1.00000 1.00000
6 0.85714 1.00000
3 1.00000 1.00000
3 1.00000 1.00000
3 1.00000 1.00000
3 1.00000 1.00000
3 1.00000 1.00000
3 1.00000 1.00000
15 0.00027 1.00000
3 1.00000 1.00000
3 1.00000 1.00000
7 1.00000 1.00000
4 1.00000 1.00000
3 1.00000 1.00000
3 1.00000 1.00000
26 1.00000 0.92308
23 1.00000 0.95652
19 0.76000 1.00000
14 1.00000 0.92857
7 1.00000 1.00000
5 1.00000 1.00000
3 1.00000 1.00000
3 1.00000 1.00000
4 1.00000 1.00000
25 1.00000 0.72000
8 1.00000 1.00000
7 0.77778 1.00000
6 0.75000 1.00000
6 1.00000 0.83333
3 1.00000 1.00000
3 1.00000 1.00000
25 0.96154 1.00000
22 0.42308 1.00000
3 1.00000 1.00000
25 1.00000 0.72000
8 1.00000 1.00000
7 0.77778 1.00000
6 0.75000 1.00000
6 1.00000 0.83333
3 1.00000 1.00000
25 1.00000 0.72000
8 1.00000 1.00000
7 0.77778 1.00000
6 0.75000 1.00000
6 1.00000 0.83333
3 1.00000 1.00000
9 0.56250 1.00000
8 1.00000 1.00000
8 1.00000 1.00000
3 1.00000 1.00000
3 1.00000 1.00000
26 1.00000 1.00000
22 1.00000 0.95455
17 1.00000 1.00000
15 0.78947 1.00000
10 1.00000 1.00000
10 0.76923 1.00000
10 1.00000 1.00000
9 0.00016 1.00000
8 1.00000 1.00000
8 0.09091 1.00000
7 1.00000 0.57143
6 1.00000 0.83333
6 1.00000 1.00000
5 1.00000 1.00000
5 1.00000 1.00000
5 1.00000 1.00000
5 1.00000 1.00000
4 1.00000 1.00000
4 1.00000 1.00000
4 1.00000 1.00000
3 1.00000 1.00000
3 1.00000 1.00000
60 0.91892 0.56667
41 1.00000 1.00000
31 0.96875 1.00000
17 1.00000 0.82353
16 1.00000 1.00000
9 1.00000 1.00000
8 1.00000 1.00000
6 0.85714 1.00000
5 1.00000 1.00000
3 1.00000 1.00000
16 0.69565 1.00000
10 1.00000 1.00000
5 1.00000 1.00000
5 1.00000 1.00000
4 1.00000 1.00000
4 1.00000 1.00000
16 0.69565 1.00000
10 1.00000 1.00000
5 1.00000 1.00000
5 1.00000 1.00000
4 1.00000 1.00000
4 1.00000 1.00000
3 1.00000 1.00000
3 1.00000 1.00000
3 1.00000 1.00000
3 1.00000 1.00000
31 0.96875 1.00000
4 1.00000 1.00000
50 0.72222 0.52000
46 0.91111 0.89130
41 1.00000 0.17073
40 0.91667 0.55000
34 0.48571 0.50000
28 0.86667 0.92857
27 0.87097 1.00000
19 1.00000 0.63158
17 0.89474 1.00000
11 0.64706 1.00000
10 0.66667 1.00000
9 0.50000 1.00000
9 1.00000 1.00000
8 0.80000 1.00000
5 1.00000 1.00000
16 1.00000 1.00000
10 0.76923 1.00000
33 1.00000 0.96970
33 0.97059 1.00000
23 0.95652 0.95652
23 0.23000 1.00000
18 1.00000 1.00000
16 1.00000 0.93750
14 1.00000 1.00000
12 0.92308 1.00000
12 0.92308 1.00000
10 1.00000 1.00000
9 0.81818 1.00000
9 1.00000 1.00000
8 1.00000 1.00000
8 1.00000 1.00000
8 1.00000 1.00000
5 1.00000 1.00000
4 1.00000 1.00000
9 1.00000 1.00000
8 0.88889 1.00000
7 1.00000 1.00000
7 0.70000 1.00000
5 0.83333 1.00000
5 0.29412 1.00000
4 1.00000 1.00000
4 1.00000 1.00000
3 1.00000 1.00000
3 1.00000 1.00000
3 1.00000 1.00000
90 1.00000 0.76667
54 1.00000 1.00000
44 0.89474 0.77273
41 1.00000 1.00000
35 1.00000 0.68571
30 1.00000 0.90000
15 0.93750 1.00000
14 1.00000 1.00000
13 0.00023 1.00000
13 0.76471 1.00000
13 0.92857 1.00000
11 1.00000 1.00000
10 1.00000 1.00000
9 1.00000 1.00000
9 1.00000 1.00000
9 1.00000 1.00000
8 1.00000 1.00000
7 0.87500 1.00000
7 1.00000 1.00000
4 1.00000 1.00000
18 1.00000 0.66667
3 1.00000 1.00000
101 0.96875 0.30693
22 1.00000 0.95455
14 1.00000 0.57143
13 1.00000 0.92308
13 0.81250 1.00000
12 1.00000 1.00000
8 0.80000 1.00000
4 1.00000 1.00000
3 1.00000 1.00000
3 1.00000 1.00000
3 1.00000 1.00000
312 1.00000 0.15064
49 0.95349 0.83673
41 1.00000 0.48780
30 1.00000 0.83333
25 0.62500 1.00000
20 1.00000 0.95000
15 0.78947 1.00000
6 1.00000 1.00000
4 1.00000 1.00000
3 1.00000 1.00000
21 0.94444 0.80952
12 1.00000 1.00000
11 1.00000 0.90909
10 0.90909 1.00000
10 0.83333 1.00000
8 1.00000 1.00000
4 1.00000 1.00000
4 1.00000 1.00000
4 1.00000 1.00000
3 1.00000 1.00000
3 1.00000 1.00000
3 1.00000 1.00000
3 1.00000 1.00000
3 1.00000 1.00000
3 1.00000 1.00000
3 1.00000 1.00000
16 1.00000 0.93750
10 1.00000 1.00000
9 0.90000 1.00000
6 1.00000 1.00000
5 0.55556 1.00000
3 1.00000 1.00000
3 1.00000 1.00000
12 1.00000 1.00000
5 0.83333 1.00000
4 1.00000 1.00000
3 1.00000 1.00000
6 1.00000 1.00000
129 0.96774 0.46512
100 1.00000 0.56000
65 0.96000 0.73846
62 1.00000 0.96774
59 0.98305 0.98305
58 0.91935 0.98276
54 1.00000 0.59259
49 0.88462 0.93878
46 0.95833 0.50000
39 0.94118 0.41026
35 0.92308 0.34286
33 1.00000 1.00000
33 0.94286 1.00000
33 1.00000 0.60606
30 1.00000 0.80000
30 1.00000 0.76667
28 0.93333 0.50000
27 1.00000 0.88889
27 1.00000 1.00000
26 1.00000 0.57692
25 1.00000 1.00000
23 0.79167 0.82609
23 1.00000 1.00000
22 0.93750 0.68182
21 1.00000 0.33333
19 0.85714 0.94737
19 1.00000 1.00000
17 1.00000 1.00000
17 1.00000 1.00000
17 0.94118 0.94118
15 0.78947 1.00000
12 1.00000 1.00000
11 1.00000 1.00000
11 1.00000 1.00000
10 0.58824 1.00000
10 1.00000 1.00000
9 0.90000 1.00000
9 1.00000 1.00000
9 0.90000 1.00000
9 0.90000 1.00000
8 0.80000 1.00000
7 1.00000 1.00000
5 1.00000 1.00000
5 1.00000 1.00000
5 1.00000 1.00000
19 0.92857 0.68421
14 0.58333 1.00000
11 1.00000 1.00000
9 1.00000 0.88889
6 1.00000 1.00000
19 0.92857 0.68421
14 0.58333 1.00000
11 1.00000 1.00000
9 1.00000 0.88889
6 1.00000 1.00000
11 1.00000 1.00000
10 1.00000 0.90000
8 1.00000 1.00000
6 1.00000 1.00000
4 1.00000 1.00000
4 1.00000 1.00000
3 1.00000 1.00000
11 1.00000 1.00000
10 1.00000 0.90000
8 1.00000 1.00000
6 1.00000 1.00000
4 1.00000 1.00000
4 1.00000 1.00000
3 1.00000 1.00000
11 1.00000 1.00000
10 1.00000 0.90000
8 1.00000 1.00000
6 1.00000 1.00000
4 1.00000 1.00000
4 1.00000 1.00000
3 1.00000 1.00000
3 1.00000 1.00000
3 1.00000 1.00000
11 1.00000 1.00000
10 1.00000 0.90000
8 1.00000 1.00000
6 1.00000 1.00000
4 1.00000 1.00000
4 1.00000 1.00000
3 1.00000 1.00000
8 1.00000 1.00000
7 1.00000 1.00000
15 0.75000 1.00000
5 1.00000 1.00000
4 1.00000 1.00000
8 1.00000 1.00000
8 1.00000 1.00000
8 1.00000 1.00000
6 0.66667 1.00000
4 1.00000 1.00000
4 1.00000 1.00000
3 1.00000 1.00000
3 1.00000 1.00000
3 1.00000 1.00000
9 1.00000 1.00000
8 1.00000 1.00000
7 1.00000 1.00000
24 0.18321 1.00000
22 0.94444 0.77273
17 1.00000 0.94118
14 1.00000 0.57143
11 1.00000 1.00000
11 1.00000 0.90909
10 0.83333 1.00000
6 1.00000 0.83333
5 0.83333 1.00000
4 1.00000 1.00000
4 1.00000 1.00000
4 1.00000 1.00000
4 1.00000 1.00000
3 1.00000 1.00000
3 1.00000 1.00000
3 1.00000 1.00000
3 1.00000 1.00000
20 1.00000 1.00000
3 1.00000 1.00000
3 1.00000 1.00000
3 1.00000 1.00000
3 1.00000 1.00000
11 1.00000 1.00000
10 1.00000 0.90000
8 1.00000 1.00000
6 1.00000 1.00000
4 1.00000 1.00000
4 1.00000 1.00000
3 1.00000 1.00000
37 1.00000 0.24324
14 0.58333 1.00000
9 0.90000 1.00000
9 1.00000 1.00000
7 0.16279 1.00000
6 1.00000 1.00000
4 1.00000 1.00000
8 1.00000 1.00000
4 1.00000 1.00000
3 1.00000 1.00000
18 1.00000 0.83333
6 1.00000 1.00000
4 1.00000 1.00000
19 0.76000 1.00000
11 1.00000 1.00000
9 1.00000 1.00000
7 1.00000 1.00000
6 1.00000 1.00000
5 0.83333 1.00000
4 1.00000 1.00000
4 1.00000 1.00000
4 1.00000 1.00000
3 1.00000 1.00000
3 1.00000 1.00000
3 1.00000 1.00000
3 1.00000 1.00000
8 1.00000 1.00000
4 1.00000 1.00000
3 1.00000 1.00000
26 1.00000 0.92308
19 0.76000 1.00000
14 1.00000 0.92857
11 1.00000 1.00000
8 1.00000 1.00000
7 1.00000 1.00000
7 1.00000 1.00000
5 1.00000 1.00000
4 1.00000 1.00000
3 1.00000 1.00000
3 1.00000 1.00000
3 1.00000 1.00000
69 1.00000 0.68116
40 1.00000 0.42500
25 1.00000 0.92000
24 1.00000 0.83333
17 1.00000 0.94118
17 0.50000 0.70588
15 1.00000 0.53333
14 1.00000 1.00000
13 1.00000 1.00000
12 1.00000 1.00000
11 1.00000 0.90909
11 1.00000 0.81818
10 1.00000 1.00000
10 0.90909 1.00000
10 1.00000 0.90000
9 0.90000 1.00000
9 0.90000 1.00000
8 1.00000 1.00000
7 1.00000 1.00000
6 1.00000 0.83333
6 1.00000 1.00000
6 1.00000 1.00000
6 1.00000 0.83333
6 0.30000 1.00000
5 1.00000 1.00000
5 1.00000 1.00000
5 1.00000 1.00000
5 1.00000 1.00000
4 1.00000 1.00000
4 1.00000 1.00000
4 1.00000 1.00000
3 1.00000 1.00000
3 1.00000 1.00000
3 1.00000 1.00000
3 1.00000 1.00000
5 1.00000 1.00000
47 1.00000 1.00000
32 0.96154 0.78125
28 1.00000 0.60714
26 1.00000 1.00000
25 1.00000 1.00000
25 1.00000 0.76000
22 0.52381 0.50000
19 1.00000 0.57895
16 1.00000 0.93750
15 0.78947 1.00000
14 0.93333 1.00000
14 1.00000 1.00000
12 1.00000 1.00000
12 0.92308 1.00000
11 1.00000 1.00000
11 1.00000 1.00000
11 1.00000 0.54545
11 1.00000 0.90909
10 1.00000 1.00000
10 1.00000 1.00000
10 0.76923 1.00000
9 0.75000 1.00000
8 1.00000 1.00000
7 0.87500 1.00000
7 1.00000 1.00000
7 1.00000 0.57143
6 0.60000 1.00000
6 1.00000 1.00000
6 0.12766 1.00000
5 1.00000 1.00000
5 1.00000 1.00000
5 1.00000 1.00000
5 1.00000 1.00000
5 1.00000 1.00000
4 1.00000 1.00000
4 1.00000 1.00000
4 1.00000 1.00000
4 1.00000 1.00000
4 1.00000 1.00000
4 1.00000 1.00000
3 1.00000 1.00000
3 1.00000 1.00000
3 1.00000 1.00000
3 1.00000 1.00000
3 1.00000 1.00000
3 1.00000 1.00000
3 1.00000 1.00000
9 1.00000 1.00000
4 1.00000 1.00000
9 1.00000 1.00000
4 1.00000 1.00000
21 0.35000 1.00000
18 1.00000 1.00000
15 1.00000 1.00000
9 1.00000 1.00000
8 0.80000 1.00000
4 1.00000 1.00000
6 1.00000 1.00000
3 1.00000 1.00000
17 1.00000 0.94118
15 0.00027 1.00000
5 1.00000 1.00000
3 1.00000 1.00000
32 1.00000 0.37500
16 1.00000 1.00000
16 1.00000 1.00000
15 0.93750 1.00000
8 0.80000 1.00000
6 1.00000 1.00000
6 1.00000 1.00000
6 1.00000 1.00000
6 1.00000 1.00000
4 1.00000 1.00000
3 1.00000 1.00000
3 1.00000 1.00000
140 0.98413 0.44286
42 0.88889 0.95238
35 1.00000 0.68571
28 0.93103 0.96429
21 0.95455 1.00000
21 1.00000 1.00000
21 1.00000 0.90476
20 0.83333 1.00000
19 0.94737 0.94737
15 0.91667 0.73333
14 0.87500 1.00000
14 1.00000 1.00000
9 1.00000 1.00000
9 1.00000 1.00000
7 0.58333 1.00000
7 1.00000 1.00000
5 1.00000 1.00000
4 1.00000 1.00000
3 1.00000 1.00000
3 1.00000 1.00000
6 1.00000 1.00000
28 1.00000 0.92857
26 1.00000 0.92308
26 0.72222 1.00000
25 1.00000 0.64000
17 1.00000 0.88235
16 1.00000 1.00000
16 1.00000 1.00000
16 1.00000 0.93750
14 0.82353 1.00000
13 1.00000 1.00000
13 1.00000 0.84615
11 1.00000 1.00000
11 1.00000 1.00000
10 1.00000 0.90000
10 1.00000 1.00000
10 0.83333 1.00000
8 1.00000 1.00000
8 1.00000 1.00000
8 1.00000 0.50000
7 1.00000 1.00000
7 1.00000 1.00000
7 1.00000 1.00000
7 1.00000 1.00000
6 0.31579 1.00000
6 1.00000 1.00000
6 1.00000 1.00000
6 1.00000 1.00000
6 0.06818 1.00000
5 1.00000 1.00000
4 1.00000 1.00000
4 1.00000 1.00000
4 1.00000 1.00000
4 1.00000 1.00000
4 1.00000 1.00000
3 1.00000 1.00000
3 1.00000 1.00000
3 1.00000 1.00000
3 1.00000 1.00000
3 1.00000 1.00000
3 1.00000 1.00000
3 1.00000 1.00000
4 1.00000 1.00000
4 1.00000 1.00000
3 1.00000 1.00000
18 1.00000 0.61111
7 1.00000 1.00000
4 1.00000 1.00000
3 1.00000 1.00000
3 1.00000 1.00000
3 1.00000 1.00000
3 1.00000 1.00000
3 1.00000 1.00000
3 1.00000 1.00000
3 1.00000 1.00000
14 0.66667 1.00000
34 1.00000 1.00000
31 1.00000 0.87097
17 1.00000 0.82353
14 1.00000 1.00000
11 1.00000 1.00000
7 1.00000 1.00000
6 1.00000 0.83333
6 0.85714 1.00000
4 1.00000 1.00000
3 1.00000 1.00000
3 1.00000 1.00000
3 1.00000 1.00000
3 1.00000 1.00000
3 1.00000 1.00000
23 1.00000 0.69565
19 1.00000 0.63158
12 1.00000 0.83333
76 0.96875 0.40789
28 1.00000 0.39286
10 1.00000 0.50000
10 0.83333 1.00000
9 1.00000 1.00000
9 1.00000 1.00000
9 0.20000 1.00000
6 1.00000 1.00000
5 1.00000 1.00000
4 1.00000 1.00000
52 1.00000 1.00000
37 1.00000 0.24324
25 0.96154 1.00000
11 1.00000 1.00000
9 0.90000 1.00000
7 0.16279 1.00000
6 1.00000 1.00000
6 0.10714 1.00000
3 1.00000 1.00000
3 1.00000 1.00000
3 1.00000 1.00000
3 1.00000 1.00000
3 1.00000 1.00000
52 1.00000 1.00000
37 1.00000 0.24324
25 0.96154 1.00000
10 1.00000 0.80000
9 0.90000 1.00000
7 0.16279 1.00000
6 1.00000 1.00000
6 0.10714 1.00000
3 1.00000 1.00000
3 1.00000 1.00000
3 1.00000 1.00000
3 1.00000 1.00000
3 1.00000 1.00000
52 1.00000 1.00000
37 1.00000 0.24324
25 0.96154 1.00000
10 1.00000 0.80000
9 0.90000 1.00000
7 0.16279 1.00000
6 1.00000 1.00000
6 0.10714 1.00000
3 1.00000 1.00000
3 1.00000 1.00000
3 1.00000 1.00000
3 1.00000 1.00000
3 1.00000 1.00000
15 0.75000 1.00000
10 1.00000 1.00000
8 1.00000 1.00000
7 1.00000 1.00000
5 1.00000 1.00000
4 1.00000 1.00000
3 1.00000 1.00000
3 1.00000 1.00000
52 1.00000 1.00000
37 1.00000 0.24324
25 0.96154 1.00000
10 1.00000 0.80000
9 0.90000 1.00000
7 0.16279 1.00000
6 1.00000 1.00000
6 0.10714 1.00000
3 1.00000 1.00000
3 1.00000 1.00000
3 1.00000 1.00000
3 1.00000 1.00000
3 1.00000 1.00000
9 0.81818 1.00000
4 1.00000 1.00000
3 1.00000 1.00000
3 1.00000 1.00000
8 0.88889 1.00000
6 0.85714 1.00000
4 1.00000 1.00000
3 1.00000 1.00000
3 1.00000 1.00000
3 1.00000 1.00000
61 1.00000 0.59016
37 0.42553 0.54054
34 0.82353 0.41176
32 1.00000 0.37500
25 1.00000 0.96000
21 1.00000 0.57143
21 0.57576 0.90476
20 0.63333 0.95000
16 1.00000 1.00000
16 1.00000 1.00000
14 1.00000 0.57143
14 0.93333 1.00000
11 1.00000 0.90909
11 1.00000 0.81818
8 1.00000 1.00000
8 0.33333 1.00000
7 1.00000 1.00000
6 1.00000 1.00000
6 0.23077 1.00000
6 1.00000 1.00000
5 1.00000 1.00000
5 1.00000 1.00000
4 1.00000 1.00000
3 1.00000 1.00000
3 1.00000 1.00000
3 1.00000 1.00000
6 1.00000 1.00000
3 1.00000 1.00000
61 1.00000 0.59016
37 0.42553 0.54054
34 0.82353 0.41176
32 1.00000 0.37500
25 1.00000 0.96000
21 1.00000 0.57143
21 0.57576 0.90476
20 0.63333 0.95000
16 1.00000 1.00000
16 1.00000 1.00000
14 1.00000 0.57143
14 0.93333 1.00000
11 1.00000 0.90909
11 1.00000 0.81818
8 1.00000 1.00000
8 0.33333 1.00000
7 1.00000 1.00000
6 1.00000 1.00000
6 0.23077 1.00000
6 1.00000 1.00000
5 1.00000 1.00000
5 1.00000 1.00000
4 1.00000 1.00000
3 1.00000 1.00000
3 1.00000 1.00000
3 1.00000 1.00000
8 1.00000 1.00000
6 1.00000 1.00000
6 0.13043 1.00000
6 0.06452 1.00000
9 0.90000 1.00000
4 1.00000 1.00000
4 1.00000 1.00000
3 1.00000 1.00000
3 1.00000 1.00000
8 0.80000 1.00000
6 1.00000 1.00000
3 1.00000 1.00000
3 1.00000 1.00000
20 1.00000 0.95000
19 0.92857 0.68421
14 0.58333 1.00000
12 1.00000 1.00000
11 1.00000 1.00000
11 1.00000 1.00000
10 1.00000 0.90000
9 1.00000 0.88889
9 0.81818 1.00000
8 1.00000 1.00000
8 0.88889 1.00000
7 0.58333 1.00000
6 1.00000 1.00000
6 0.85714 1.00000
6 1.00000 1.00000
6 1.00000 1.00000
5 1.00000 1.00000
4 1.00000 1.00000
4 1.00000 1.00000
4 1.00000 1.00000
3 1.00000 1.00000
20 1.00000 0.95000
19 0.92857 0.68421
14 0.58333 1.00000
12 1.00000 1.00000
11 1.00000 1.00000
11 1.00000 1.00000
10 1.00000 0.90000
9 1.00000 0.88889
9 0.81818 1.00000
8 1.00000 1.00000
8 0.88889 1.00000
7 0.58333 1.00000
6 1.00000 1.00000
6 0.85714 1.00000
6 1.00000 1.00000
6 1.00000 1.00000
5 1.00000 1.00000
4 1.00000 1.00000
4 1.00000 1.00000
4 1.00000 1.00000
3 1.00000 1.00000
8 0.80000 1.00000
6 1.00000 1.00000
3 1.00000 1.00000
3 1.00000 1.00000
62 0.91176 1.00000
13 1.00000 0.53846
10 1.00000 0.90000
9 0.00016 1.00000
9 1.00000 0.88889
8 1.00000 1.00000
8 1.00000 0.62500
7 1.00000 1.00000
7 1.00000 0.85714
7 1.00000 1.00000
7 1.00000 1.00000
7 1.00000 1.00000
6 1.00000 1.00000
6 1.00000 1.00000
6 0.60000 1.00000
6 1.00000 1.00000
6 0.85714 1.00000
6 1.00000 1.00000
6 0.30000 1.00000
6 1.00000 1.00000
5 0.83333 1.00000
5 1.00000 1.00000
5 1.00000 1.00000
5 0.83333 1.00000
5 1.00000 1.00000
5 1.00000 1.00000
5 1.00000 1.00000
5 1.00000 1.00000
4 1.00000 1.00000
4 1.00000 1.00000
4 1.00000 1.00000
4 1.00000 1.00000
4 1.00000 1.00000
4 1.00000 1.00000
4 1.00000 1.00000
4 1.00000 1.00000
4 1.00000 1.00000
4 1.00000 1.00000
4 1.00000 1.00000
4 1.00000 1.00000
4 1.00000 1.00000
3 1.00000 1.00000
3 1.00000 1.00000
3 1.00000 1.00000
3 1.00000 1.00000
3 1.00000 1.00000
3 1.00000 1.00000
3 1.00000 1.00000
3 1.00000 1.00000
3 1.00000 1.00000
3 1.00000 1.00000
3 1.00000 1.00000
3 1.00000 1.00000
3 1.00000 1.00000
22 1.00000 0.90909
12 0.92308 1.00000
10 0.76923 1.00000
3 1.00000 1.00000
3 1.00000 1.00000
3 1.00000 1.00000
3 1.00000 1.00000
3 1.00000 1.00000
11 1.00000 1.00000
11 1.00000 1.00000
10 1.00000 0.90000
9 1.00000 1.00000
8 1.00000 1.00000
8 1.00000 1.00000
7 1.00000 1.00000
7 1.00000 1.00000
6 1.00000 1.00000
6 1.00000 1.00000
5 0.83333 1.00000
4 1.00000 1.00000
4 1.00000 1.00000
4 1.00000 1.00000
4 1.00000 1.00000
4 1.00000 1.00000
4 1.00000 1.00000
3 1.00000 1.00000
3 1.00000 1.00000
3 1.00000 1.00000
3 1.00000 1.00000
3 1.00000 1.00000
3 1.00000 1.00000
11 1.00000 1.00000
11 1.00000 1.00000
10 1.00000 0.90000
9 1.00000 1.00000
8 1.00000 1.00000
8 1.00000 1.00000
7 1.00000 1.00000
7 1.00000 1.00000
6 1.00000 1.00000
6 1.00000 1.00000
5 0.83333 1.00000
4 1.00000 1.00000
4 1.00000 1.00000
4 1.00000 1.00000
4 1.00000 1.00000
4 1.00000 1.00000
4 1.00000 1.00000
3 1.00000 1.00000
3 1.00000 1.00000
3 1.00000 1.00000
3 1.00000 1.00000
3 1.00000 1.00000
3 1.00000 1.00000
18 1.00000 0.66667
8 0.80000 1.00000
6 1.00000 1.00000
3 1.00000 1.00000
3 1.00000 1.00000
3 1.00000 1.00000
3 1.00000 1.00000
62 0.91176 1.00000
13 1.00000 0.53846
10 1.00000 0.90000
9 0.00016 1.00000
9 1.00000 0.88889
8 0.88889 1.00000
8 0.88889 1.00000
8 1.00000 1.00000
8 1.00000 0.62500
7 1.00000 1.00000
7 1.00000 1.00000
7 1.00000 1.00000
7 0.70000 1.00000
7 1.00000 0.85714
7 1.00000 1.00000
7 1.00000 1.00000
7 0.70000 1.00000
7 1.00000 1.00000
6 1.00000 1.00000
6 1.00000 1.00000
6 0.60000 1.00000
6 1.00000 1.00000
6 0.85714 1.00000
6 1.00000 1.00000
6 0.30000 1.00000
6 1.00000 1.00000
5 0.83333 1.00000
5 1.00000 1.00000
5 1.00000 1.00000
5 0.83333 1.00000
5 1.00000 1.00000
5 1.00000 1.00000
5 1.00000 1.00000
5 1.00000 1.00000
4 1.00000 1.00000
4 1.00000 1.00000
4 1.00000 1.00000
4 1.00000 1.00000
4 1.00000 1.00000
4 1.00000 1.00000
4 1.00000 1.00000
4 1.00000 1.00000
4 1.00000 1.00000
4 1.00000 1.00000
4 1.00000 1.00000
4 1.00000 1.00000
4 1.00000 1.00000
4 1.00000 1.00000
4 1.00000 1.00000
3 1.00000 1.00000
3 1.00000 1.00000
3 1.00000 1.00000
3 1.00000 1.00000
3 1.00000 1.00000
3 1.00000 1.00000
3 1.00000 1.00000
3 1.00000 1.00000
3 1.00000 1.00000
3 1.00000 1.00000
3 1.00000 1.00000
3 1.00000 1.00000
3 1.00000 1.00000
3 1.00000 1.00000
3 1.00000 1.00000
18 1.00000 0.83333
9 1.00000 1.00000
6 1.00000 1.00000
4 1.00000 1.00000
3 1.00000 1.00000
3 1.00000 1.00000
51 0.86441 1.00000
41 0.91667 0.53659
34 0.48571 0.50000
32 1.00000 0.96875
28 0.86667 0.92857
22 1.00000 0.86364
20 0.66667 1.00000
20 1.00000 0.60000
18 1.00000 1.00000
18 0.58621 0.94444
11 1.00000 0.81818
10 0.66667 1.00000
9 0.50000 1.00000
9 0.90000 1.00000
9 1.00000 1.00000
8 1.00000 1.00000
7 1.00000 1.00000
7 1.00000 1.00000
6 1.00000 1.00000
6 1.00000 1.00000
5 1.00000 1.00000
5 1.00000 1.00000
114 1.00000 0.22807
26 1.00000 0.42308
22 1.00000 0.90909
17 1.00000 1.00000
16 1.00000 0.93750
12 0.85714 1.00000
10 1.00000 1.00000
9 1.00000 1.00000
6 1.00000 1.00000
6 0.85714 1.00000
5 0.55556 1.00000
5 1.00000 1.00000
5 1.00000 1.00000
4 1.00000 1.00000
4 1.00000 1.00000
3 1.00000 1.00000
3 1.00000 1.00000
49 1.00000 0.48980
42 1.00000 0.21429
42 1.00000 0.97619
37 0.93750 0.40541
27 1.00000 0.62963
26 1.00000 1.00000
25 1.00000 0.96000
24 1.00000 0.62500
21 1.00000 0.57143
20 0.63333 0.95000
18 1.00000 0.94444
16 1.00000 1.00000
16 1.00000 1.00000
12 1.00000 1.00000
10 1.00000 1.00000
8 1.00000 1.00000
8 1.00000 1.00000
7 1.00000 1.00000
7 0.16279 1.00000
6 1.00000 1.00000
6 1.00000 1.00000
6 0.10714 1.00000
5 1.00000 1.00000
4 1.00000 1.00000
3 1.00000 1.00000
3 1.00000 1.00000
3 1.00000 1.00000
3 1.00000 1.00000
3 1.00000 1.00000
113 1.00000 0.51327
42 0.88889 0.95238
22 0.91667 1.00000
21 0.95455 1.00000
21 1.00000 0.90476
20 1.00000 0.95000
18 1.00000 0.94444
17 1.00000 0.82353
15 0.93750 1.00000
14 1.00000 1.00000
11 1.00000 1.00000
10 1.00000 1.00000
10 1.00000 1.00000
10 1.00000 1.00000
9 1.00000 1.00000
9 1.00000 1.00000
7 1.00000 0.85714
7 0.87500 1.00000
6 1.00000 1.00000
6 0.46154 1.00000
6 0.54545 1.00000
5 1.00000 1.00000
4 1.00000 1.00000
4 1.00000 1.00000
3 1.00000 1.00000
3 1.00000 1.00000
31 0.96875 1.00000
9 1.00000 0.88889
4 1.00000 1.00000
3 1.00000 1.00000
328 0.94828 0.16768
48 1.00000 0.91667
20 1.00000 0.95000
19 0.92857 0.68421
18 1.00000 0.66667
14 0.58333 1.00000
11 1.00000 1.00000
11 1.00000 1.00000
11 1.00000 1.00000
10 1.00000 0.90000
9 1.00000 1.00000
9 1.00000 0.88889
9 0.81818 1.00000
8 1.00000 1.00000
8 0.80000 1.00000
8 0.88889 1.00000
8 1.00000 1.00000
7 0.58333 1.00000
7 1.00000 1.00000
7 1.00000 1.00000
6 1.00000 1.00000
6 1.00000 1.00000
6 1.00000 1.00000
6 1.00000 1.00000
6 1.00000 1.00000
5 0.83333 1.00000
5 1.00000 1.00000
4 1.00000 1.00000
4 1.00000 1.00000
4 1.00000 1.00000
4 1.00000 1.00000
4 1.00000 1.00000
4 1.00000 1.00000
3 1.00000 1.00000
3 1.00000 1.00000
3 1.00000 1.00000
3 1.00000 1.00000
3 1.00000 1.00000
3 1.00000 1.00000
3 1.00000 1.00000
3 1.00000 1.00000
3 1.00000 1.00000
3 1.00000 1.00000
328 0.94828 0.16768
48 1.00000 0.91667
20 1.00000 0.95000
19 0.92857 0.68421
18 1.00000 0.66667
14 0.58333 1.00000
11 1.00000 1.00000
11 1.00000 1.00000
11 1.00000 1.00000
10 1.00000 0.90000
9 1.00000 1.00000
9 1.00000 0.88889
9 0.81818 1.00000
8 1.00000 1.00000
8 0.80000 1.00000
8 0.88889 1.00000
8 1.00000 1.00000
7 0.58333 1.00000
7 1.00000 1.00000
7 1.00000 1.00000
6 1.00000 1.00000
6 1.00000 1.00000
6 1.00000 1.00000
6 1.00000 1.00000
6 1.00000 1.00000
5 0.83333 1.00000
5 1.00000 1.00000
4 1.00000 1.00000
4 1.00000 1.00000
4 1.00000 1.00000
4 1.00000 1.00000
4 1.00000 1.00000
4 1.00000 1.00000
3 1.00000 1.00000
3 1.00000 1.00000
3 1.00000 1.00000
3 1.00000 1.00000
3 1.00000 1.00000
3 1.00000 1.00000
3 1.00000 1.00000
3 1.00000 1.00000
3 1.00000 1.00000
3 1.00000 1.00000
41 0.93750 0.36585
34 0.96774 0.88235
17 1.00000 0.94118
16 1.00000 0.56250
15 1.00000 0.53333
15 0.90909 0.66667
14 1.00000 0.92857
14 1.00000 1.00000
13 0.92857 1.00000
12 1.00000 1.00000
11 1.00000 1.00000
11 1.00000 1.00000
10 1.00000 1.00000
10 1.00000 0.90000
10 0.83333 1.00000
9 1.00000 1.00000
9 0.90000 1.00000
9 1.00000 1.00000
9 1.00000 0.88889
9 0.90000 1.00000
8 1.00000 1.00000
7 1.00000 1.00000
6 1.00000 1.00000
6 1.00000 1.00000
6 1.00000 0.83333
6 1.00000 1.00000
6 1.00000 1.00000
5 1.00000 1.00000
5 1.00000 1.00000
4 1.00000 1.00000
4 1.00000 1.00000
4 1.00000 1.00000
3 1.00000 1.00000
3 1.00000 1.00000
3 1.00000 1.00000
3 1.00000 1.00000
3 1.00000 1.00000
3 1.00000 1.00000
3 1.00000 1.00000
3 1.00000 1.00000
3 1.00000 1.00000
3 1.00000 1.00000
41 0.93750 0.36585
35 0.96774 0.85714
17 1.00000 0.94118
16 1.00000 0.56250
15 0.90909 0.66667
14 1.00000 0.92857
14 1.00000 1.00000
13 0.92857 1.00000
12 1.00000 1.00000
12 1.00000 0.83333
11 1.00000 1.00000
11 1.00000 1.00000
10 1.00000 1.00000
10 1.00000 0.90000
10 0.83333 1.00000
9 1.00000 1.00000
9 0.90000 1.00000
9 1.00000 1.00000
9 1.00000 0.88889
9 0.90000 1.00000
8 1.00000 1.00000
7 1.00000 0.85714
6 1.00000 1.00000
6 1.00000 0.83333
6 1.00000 1.00000
6 1.00000 1.00000
5 1.00000 1.00000
5 1.00000 1.00000
4 1.00000 1.00000
4 1.00000 1.00000
4 1.00000 1.00000
3 1.00000 1.00000
3 1.00000 1.00000
3 1.00000 1.00000
3 1.00000 1.00000
3 1.00000 1.00000
3 1.00000 1.00000
3 1.00000 1.00000
3 1.00000 1.00000
3 1.00000 1.00000
