3 1.00000 1.00000
3 1.00000 1.00000
5 1.00000 1.00000
4 1.00000 1.00000
3 1.00000 1.00000
4 1.00000 1.00000
4 1.00000 1.00000
5 1.00000 1.00000
3 1.00000 1.00000
5 0.83333 1.00000
5 1.00000 1.00000
4 1.00000 1.00000
4 1.00000 1.00000
4 1.00000 1.00000
4 1.00000 1.00000
4 1.00000 1.00000
5 1.00000 1.00000
5 1.00000 1.00000
4 1.00000 1.00000
6 0.85714 1.00000
4 1.00000 1.00000
5 1.00000 1.00000
6 1.00000 1.00000
6 1.00000 1.00000
6 1.00000 1.00000
6 1.00000 1.00000
6 1.00000 1.00000
6 1.00000 1.00000
4 1.00000 1.00000
4 1.00000 1.00000
6 0.42857 1.00000
6 1.00000 1.00000
5 1.00000 1.00000
6 0.75000 1.00000
7 0.87500 1.00000
7 0.87500 1.00000
6 1.00000 1.00000
7 0.58333 1.00000
7 0.00004 1.00000
6 1.00000 1.00000
7 0.14894 1.00000
5 1.00000 1.00000
5 1.00000 1.00000
5 1.00000 1.00000
7 1.00000 1.00000
7 0.58333 1.00000
7 0.00004 1.00000
7 1.00000 1.00000
7 1.00000 1.00000
4 1.00000 1.00000
4 1.00000 1.00000
7 0.58333 1.00000
6 1.00000 1.00000
6 1.00000 1.00000
6 1.00000 1.00000
6 0.42857 1.00000
6 1.00000 1.00000
7 1.00000 1.00000
6 0.85714 1.00000
7 1.00000 1.00000
8 0.25806 1.00000
5 1.00000 1.00000
4 1.00000 1.00000
4 1.00000 1.00000
4 1.00000 1.00000
4 1.00000 1.00000
3 1.00000 1.00000
6 1.00000 1.00000
4 1.00000 1.00000
7 0.87500 1.00000
7 1.00000 1.00000
7 0.63636 1.00000
7 0.77778 1.00000
7 0.12727 1.00000
6 1.00000 1.00000
8 0.57143 1.00000
6 1.00000 1.00000
8 1.00000 1.00000
5 1.00000 1.00000
8 0.00005 1.00000
6 1.00000 1.00000
7 0.50000 1.00000
9 1.00000 1.00000
9 1.00000 1.00000
8 1.00000 1.00000
4 1.00000 1.00000
9 0.90000 1.00000
8 0.80000 1.00000
8 0.88889 1.00000
9 1.00000 1.00000
9 0.90000 1.00000
4 1.00000 1.00000
4 1.00000 1.00000
8 1.00000 1.00000
10 1.00000 1.00000
9 0.34615 1.00000
6 0.23077 1.00000
6 1.00000 1.00000
8 1.00000 1.00000
7 1.00000 1.00000
10 0.66667 1.00000
9 0.09677 1.00000
9 1.00000 1.00000
10 0.90909 1.00000
9 1.00000 1.00000
10 1.00000 1.00000
6 0.42857 1.00000
10 1.00000 1.00000
9 0.56250 1.00000
9 1.00000 1.00000
6 1.00000 1.00000
10 1.00000 1.00000
4 1.00000 1.00000
4 1.00000 1.00000
6 1.00000 1.00000
8 1.00000 1.00000
10 0.90909 1.00000
10 0.58824 1.00000
9 1.00000 1.00000
11 1.00000 1.00000
6 1.00000 1.00000
5 1.00000 1.00000
8 0.33333 1.00000
10 1.00000 1.00000
7 0.50000 1.00000
11 1.00000 1.00000
10 0.90909 1.00000
10 0.90909 1.00000
5 1.00000 1.00000
5 1.00000 1.00000
11 1.00000 1.00000
9 1.00000 1.00000
10 1.00000 1.00000
10 1.00000 1.00000
8 1.00000 1.00000
7 0.58333 1.00000
11 0.55000 1.00000
4 1.00000 1.00000
8 1.00000 0.87500
10 1.00000 1.00000
6 1.00000 1.00000
10 1.00000 1.00000
9 0.19149 1.00000
8 1.00000 1.00000
8 1.00000 1.00000
12 0.00007 1.00000
6 0.42857 1.00000
11 0.00007 1.00000
5 1.00000 1.00000
8 1.00000 1.00000
12 1.00000 1.00000
12 1.00000 1.00000
11 1.00000 1.00000
11 1.00000 1.00000
12 0.92308 1.00000
12 0.92308 1.00000
11 1.00000 0.81818
12 1.00000 1.00000
12 0.92308 1.00000
9 1.00000 1.00000
6 1.00000 1.00000
7 1.00000 1.00000
13 1.00000 1.00000
10 0.90909 1.00000
12 1.00000 0.91667
13 0.00008 1.00000
13 0.00008 1.00000
12 1.00000 1.00000
13 0.76471 1.00000
13 0.76471 1.00000
5 1.00000 1.00000
5 1.00000 1.00000
13 0.11017 1.00000
12 1.00000 1.00000
8 1.00000 1.00000
11 1.00000 1.00000
8 0.88889 1.00000
10 1.00000 1.00000
9 1.00000 0.77778
3 1.00000 1.00000
10 1.00000 1.00000
11 1.00000 1.00000
13 0.92857 1.00000
14 0.93333 1.00000
14 0.93333 1.00000
6 0.42857 1.00000
13 0.92857 1.00000
6 1.00000 1.00000
14 0.00009 1.00000
10 1.00000 1.00000
14 0.93333 1.00000
11 1.00000 1.00000
13 0.81250 1.00000
13 0.81250 1.00000
14 0.25926 1.00000
11 1.00000 1.00000
4 1.00000 1.00000
3 1.00000 1.00000
12 0.92308 1.00000
14 1.00000 0.92857
14 1.00000 1.00000
14 0.87500 1.00000
15 1.00000 0.93333
4 1.00000 1.00000
14 1.00000 1.00000
12 1.00000 1.00000
15 1.00000 1.00000
12 0.75000 1.00000
15 0.93750 1.00000
12 0.92308 1.00000
4 1.00000 1.00000
12 0.92308 1.00000
15 0.00009 1.00000
6 1.00000 1.00000
15 0.93750 1.00000
3 1.00000 1.00000
3 1.00000 1.00000
15 1.00000 1.00000
8 0.88889 1.00000
8 0.88889 1.00000
8 0.88889 1.00000
8 0.00005 1.00000
7 0.58333 1.00000
16 0.00010 1.00000
6 1.00000 1.00000
6 1.00000 1.00000
16 1.00000 1.00000
16 0.00010 1.00000
16 0.00010 1.00000
16 0.76190 1.00000
13 0.81250 1.00000
5 1.00000 1.00000
14 1.00000 1.00000
7 0.58333 1.00000
16 0.14035 1.00000
7 0.58333 1.00000
6 0.42857 1.00000
15 0.35714 1.00000
16 0.00010 1.00000
7 0.00004 1.00000
16 1.00000 1.00000
17 0.00011 1.00000
8 0.88889 1.00000
17 1.00000 0.94118
17 0.00011 1.00000
6 1.00000 1.00000
7 0.00004 1.00000
16 1.00000 1.00000
13 0.81250 1.00000
7 0.58333 1.00000
17 1.00000 0.94118
11 0.91667 1.00000
18 1.00000 1.00000
17 0.00011 1.00000
18 0.45833 0.61111
13 0.81250 1.00000
17 0.14407 1.00000
14 0.00009 1.00000
3 1.00000 1.00000
9 0.90000 1.00000
8 0.80000 1.00000
16 0.69565 1.00000
11 1.00000 1.00000
18 0.94737 1.00000
19 1.00000 1.00000
3 1.00000 1.00000
8 0.88889 1.00000
6 1.00000 1.00000
15 0.42857 1.00000
15 1.00000 0.80000
7 0.58333 1.00000
4 1.00000 1.00000
19 0.61290 1.00000
3 1.00000 1.00000
3 1.00000 1.00000
18 0.24000 1.00000
3 1.00000 1.00000
8 0.80000 1.00000
18 0.78261 1.00000
16 0.55172 1.00000
13 0.81250 1.00000
11 0.73333 1.00000
19 1.00000 0.94737
8 0.88889 1.00000
12 1.00000 1.00000
20 0.90909 1.00000
17 0.94444 1.00000
4 1.00000 1.00000
4 1.00000 1.00000
20 1.00000 1.00000
8 1.00000 1.00000
5 1.00000 1.00000
7 0.50000 1.00000
14 1.00000 0.92857
17 0.36957 1.00000
12 1.00000 1.00000
16 1.00000 1.00000
8 0.80000 1.00000
4 1.00000 1.00000
8 0.00005 1.00000
16 1.00000 0.93750
16 1.00000 0.93750
13 0.92857 1.00000
19 0.00012 1.00000
7 0.58333 1.00000
4 1.00000 1.00000
14 1.00000 1.00000
9 0.45000 1.00000
18 0.94737 1.00000
18 0.00011 1.00000
14 1.00000 1.00000
21 1.00000 1.00000
12 0.55000 0.91667
9 0.00006 1.00000
23 1.00000 1.00000
23 1.00000 1.00000
13 0.92857 1.00000
15 0.93750 1.00000
12 1.00000 1.00000
13 0.81250 1.00000
20 0.95238 1.00000
7 1.00000 1.00000
18 0.00011 1.00000
21 0.70000 1.00000
8 1.00000 1.00000
20 1.00000 1.00000
18 0.00011 1.00000
24 0.00015 1.00000
25 0.83333 1.00000
21 1.00000 1.00000
20 0.95238 1.00000
25 0.32468 1.00000
6 1.00000 1.00000
15 0.93750 1.00000
15 0.93750 1.00000
20 0.00012 0.95000
20 0.00012 0.95000
6 1.00000 1.00000
16 1.00000 1.00000
14 0.00009 1.00000
9 1.00000 0.66667
11 1.00000 0.90909
7 0.58333 1.00000
19 0.00012 1.00000
26 0.96296 1.00000
24 0.77419 1.00000
19 0.00012 1.00000
25 1.00000 1.00000
8 0.80000 1.00000
23 0.00014 1.00000
26 1.00000 0.92308
5 1.00000 1.00000
11 1.00000 1.00000
25 0.96154 1.00000
25 0.96154 1.00000
25 0.96154 1.00000
25 0.96154 1.00000
19 0.00012 1.00000
26 0.92857 1.00000
25 0.96154 1.00000
27 1.00000 0.74074
25 0.96154 1.00000
23 0.00014 1.00000
7 1.00000 1.00000
8 0.80000 1.00000
22 0.94118 0.72727
22 0.95238 0.90909
7 1.00000 1.00000
8 0.88889 1.00000
27 1.00000 1.00000
8 0.88889 1.00000
7 0.18919 1.00000
13 0.92857 1.00000
25 0.96154 1.00000
23 0.95652 0.95652
3 1.00000 1.00000
3 1.00000 1.00000
3 1.00000 1.00000
8 0.80000 1.00000
4 1.00000 1.00000
27 0.96429 1.00000
6 0.85714 1.00000
14 0.00009 1.00000
15 1.00000 0.53333
25 0.96154 1.00000
25 0.96154 1.00000
27 0.89655 0.96296
8 0.80000 1.00000
11 1.00000 1.00000
14 0.58333 1.00000
11 1.00000 1.00000
25 0.96154 1.00000
14 0.58333 1.00000
16 1.00000 1.00000
8 1.00000 1.00000
27 0.96296 0.96296
30 1.00000 0.96667
5 0.83333 1.00000
12 1.00000 1.00000
10 0.00006 1.00000
26 0.95833 0.88462
26 0.95833 0.88462
30 1.00000 0.66667
25 0.96154 1.00000
30 0.43284 0.96667
21 0.00013 1.00000
3 1.00000 1.00000
29 0.00018 1.00000
15 1.00000 0.53333
14 0.58333 1.00000
8 0.88889 1.00000
31 0.93939 1.00000
3 1.00000 1.00000
11 1.00000 1.00000
32 0.93333 0.87500
17 1.00000 0.94118
10 0.90909 1.00000
7 1.00000 1.00000
26 0.96296 1.00000
29 0.87879 1.00000
7 0.50000 1.00000
27 1.00000 0.88889
27 1.00000 0.77778
28 0.96552 1.00000
25 0.96154 1.00000
25 0.96154 1.00000
3 1.00000 1.00000
22 0.40000 1.00000
19 0.95000 1.00000
34 0.82927 1.00000
32 0.00020 1.00000
33 0.91667 1.00000
17 1.00000 1.00000
31 1.00000 0.90323
3 1.00000 1.00000
33 0.97059 1.00000
4 1.00000 1.00000
4 1.00000 1.00000
33 0.00021 1.00000
28 0.00017 0.96429
25 0.96154 1.00000
34 0.82927 1.00000
33 0.94286 1.00000
33 0.94286 1.00000
9 0.80000 0.88889
12 1.00000 1.00000
13 0.92857 1.00000
13 0.92857 1.00000
32 1.00000 1.00000
36 0.92308 1.00000
33 1.00000 1.00000
22 0.42308 1.00000
22 0.42308 1.00000
22 0.42308 1.00000
22 0.95652 1.00000
22 0.95652 1.00000
35 0.96000 0.68571
35 0.96000 0.68571
33 0.00021 1.00000
36 1.00000 0.55556
11 1.00000 1.00000
22 0.44898 1.00000
11 1.00000 1.00000
6 1.00000 1.00000
31 1.00000 0.67742
31 1.00000 0.67742
25 0.96154 1.00000
18 0.90000 1.00000
26 0.11017 0.50000
22 0.42308 1.00000
36 1.00000 0.63889
11 1.00000 1.00000
6 0.75000 1.00000
7 0.00004 1.00000
22 0.42308 1.00000
30 1.00000 0.83333
6 0.85714 1.00000
37 0.97368 1.00000
37 0.97368 1.00000
33 0.78571 1.00000
22 0.42308 1.00000
38 1.00000 0.60526
22 0.42308 1.00000
22 0.42308 1.00000
22 0.42308 1.00000
6 1.00000 1.00000
6 1.00000 1.00000
3 1.00000 1.00000
3 1.00000 1.00000
3 1.00000 1.00000
3 1.00000 1.00000
3 1.00000 1.00000
3 1.00000 1.00000
8 0.88889 1.00000
4 1.00000 1.00000
36 0.86842 0.91667
19 0.00012 1.00000
19 0.00012 1.00000
43 0.96296 0.60465
27 0.77143 1.00000
6 1.00000 1.00000
3 1.00000 1.00000
19 0.00012 1.00000
15 0.00009 1.00000
19 0.00012 1.00000
19 0.00012 1.00000
19 0.00012 1.00000
8 0.33333 1.00000
8 0.33333 1.00000
10 0.90909 1.00000
6 1.00000 1.00000
9 0.00006 1.00000
19 0.00012 1.00000
9 0.75000 1.00000
7 0.50000 1.00000
19 0.00012 1.00000
11 0.00007 1.00000
12 1.00000 1.00000
36 0.66667 1.00000
9 0.00006 1.00000
44 0.89474 0.77273
47 0.34307 1.00000
20 1.00000 1.00000
20 1.00000 1.00000
28 1.00000 0.85714
27 1.00000 0.37037
12 1.00000 1.00000
42 1.00000 0.73810
47 0.34307 1.00000
47 0.00029 1.00000
39 1.00000 0.82051
9 1.00000 1.00000
22 0.42308 1.00000
44 0.95556 0.97727
45 0.89362 0.93333
45 0.95455 0.93333
45 0.95455 0.93333
42 1.00000 0.73810
45 0.92105 0.77778
10 0.83333 1.00000
25 0.96154 1.00000
5 1.00000 1.00000
35 0.56452 1.00000
22 0.44898 1.00000
13 0.41935 1.00000
3 1.00000 1.00000
35 0.56452 1.00000
28 1.00000 0.92857
45 0.80357 1.00000
45 0.80357 1.00000
28 1.00000 0.92857
5 1.00000 1.00000
42 1.00000 0.73810
36 0.66667 1.00000
52 1.00000 1.00000
41 0.83673 1.00000
41 0.83673 1.00000
41 0.77358 1.00000
16 1.00000 1.00000
22 0.42308 1.00000
3 1.00000 1.00000
6 1.00000 1.00000
5 0.09804 1.00000
3 1.00000 1.00000
5 0.09804 1.00000
3 1.00000 1.00000
46 0.91489 0.93478
46 0.91489 0.93478
23 0.91667 0.95652
11 0.05882 1.00000
22 0.44898 1.00000
22 0.42308 1.00000
8 0.88889 1.00000
8 0.88889 1.00000
4 1.00000 1.00000
50 0.97619 0.82000
50 0.97619 0.82000
50 0.75000 0.66000
24 0.95833 0.95833
22 0.42308 1.00000
3 1.00000 1.00000
5 1.00000 1.00000
22 0.42308 1.00000
42 1.00000 0.73810
11 1.00000 1.00000
24 0.95833 0.95833
56 1.00000 0.92857
10 1.00000 1.00000
55 0.93220 1.00000
42 1.00000 0.73810
4 1.00000 1.00000
41 0.77358 1.00000
52 0.79545 0.67308
6 0.42857 1.00000
13 0.92857 1.00000
13 0.81250 1.00000
22 0.42308 1.00000
42 1.00000 0.73810
61 0.98333 0.96721
9 1.00000 1.00000
10 1.00000 1.00000
17 0.36957 1.00000
16 0.76190 1.00000
12 1.00000 1.00000
3 1.00000 1.00000
20 0.23529 1.00000
34 0.93333 0.82353
42 1.00000 0.73810
12 1.00000 1.00000
27 1.00000 0.77778
7 1.00000 1.00000
33 1.00000 0.96970
42 1.00000 0.73810
6 1.00000 1.00000
6 1.00000 1.00000
32 1.00000 0.62500
13 0.92857 1.00000
12 1.00000 1.00000
8 0.88889 1.00000
42 1.00000 0.73810
42 1.00000 0.73810
9 0.75000 1.00000
51 0.93750 0.88235
42 1.00000 0.73810
5 1.00000 1.00000
66 0.00041 1.00000
6 0.00004 1.00000
23 0.27059 1.00000
22 0.42308 1.00000
14 0.58333 1.00000
11 1.00000 1.00000
14 0.58333 1.00000
11 1.00000 1.00000
23 1.00000 1.00000
7 1.00000 1.00000
62 0.96875 0.50000
22 0.44898 1.00000
62 0.96875 0.50000
3 1.00000 1.00000
5 0.83333 1.00000
5 0.83333 1.00000
13 0.81250 1.00000
32 1.00000 0.62500
32 1.00000 0.62500
14 0.00009 1.00000
4 1.00000 1.00000
21 1.00000 1.00000
42 1.00000 0.73810
66 0.98438 0.95455
66 0.98438 0.95455
32 1.00000 0.62500
66 0.00041 0.98485
55 0.93220 1.00000
23 0.27059 1.00000
3 1.00000 1.00000
42 1.00000 0.73810
7 1.00000 1.00000
6 0.12000 1.00000
42 1.00000 0.73810
3 1.00000 1.00000
6 0.85714 1.00000
42 1.00000 0.73810
12 1.00000 1.00000
4 1.00000 1.00000
42 1.00000 0.73810
11 1.00000 1.00000
10 0.00006 1.00000
10 0.90909 1.00000
7 0.87500 1.00000
7 0.87500 1.00000
7 0.87500 1.00000
11 1.00000 1.00000
6 1.00000 1.00000
11 1.00000 1.00000
7 0.18919 1.00000
73 0.94030 0.86301
74 0.95522 0.86486
70 0.00042 0.95714
42 1.00000 0.73810
9 1.00000 1.00000
71 0.94286 0.92958
10 0.58824 1.00000
24 0.92308 1.00000
27 0.83333 0.92593
12 0.85714 1.00000
9 1.00000 0.88889
72 0.95714 0.93056
46 0.91489 0.93478
13 0.76471 1.00000
9 1.00000 1.00000
11 0.05882 1.00000
9 0.69231 1.00000
47 0.79661 1.00000
47 0.79661 1.00000
28 0.96552 1.00000
9 1.00000 1.00000
60 0.00029 0.76667
60 0.00029 0.76667
18 1.00000 0.50000
18 1.00000 0.50000
3 1.00000 1.00000
3 1.00000 1.00000
15 0.32609 1.00000
6 0.00004 1.00000
32 1.00000 0.43750
83 0.94737 0.86747
26 0.92593 0.96154
83 0.94737 0.86747
4 1.00000 1.00000
3 1.00000 1.00000
3 1.00000 1.00000
11 0.05882 1.00000
52 1.00000 1.00000
7 0.00004 1.00000
71 0.00044 0.98592
8 1.00000 1.00000
6 0.00004 1.00000
36 0.92308 1.00000
52 1.00000 1.00000
7 0.00004 1.00000
11 1.00000 0.90909
11 1.00000 0.90909
5 1.00000 1.00000
3 1.00000 1.00000
39 1.00000 0.82051
17 0.36957 1.00000
11 1.00000 1.00000
3 1.00000 1.00000
19 0.00012 1.00000
10 1.00000 1.00000
47 0.00029 1.00000
94 0.98925 0.97872
10 1.00000 1.00000
8 1.00000 1.00000
10 1.00000 1.00000
8 1.00000 1.00000
3 1.00000 1.00000
3 1.00000 1.00000
36 0.00022 1.00000
30 1.00000 0.90000
10 1.00000 1.00000
6 0.66667 1.00000
6 0.66667 1.00000
9 1.00000 1.00000
9 1.00000 1.00000
42 1.00000 0.73810
13 0.92857 1.00000
12 1.00000 1.00000
3 1.00000 1.00000
3 1.00000 1.00000
9 1.00000 1.00000
9 0.90000 1.00000
18 0.00011 1.00000
83 0.94737 0.86747
3 1.00000 1.00000
3 1.00000 1.00000
4 1.00000 1.00000
6 1.00000 1.00000
33 1.00000 1.00000
4 1.00000 1.00000
4 1.00000 1.00000
91 0.97619 0.90110
91 0.97619 0.90110
11 0.91667 1.00000
24 0.95833 0.95833
4 1.00000 1.00000
4 1.00000 1.00000
4 1.00000 1.00000
18 1.00000 0.50000
8 0.88889 1.00000
90 1.00000 0.76667
15 0.00009 1.00000
4 1.00000 1.00000
4 1.00000 1.00000
4 1.00000 1.00000
50 0.97619 0.82000
15 0.42857 1.00000
13 1.00000 1.00000
11 0.91667 1.00000
11 0.73333 1.00000
3 1.00000 1.00000
7 1.00000 1.00000
17 0.36957 1.00000
12 0.00007 1.00000
3 1.00000 1.00000
11 1.00000 1.00000
11 0.05882 1.00000
4 1.00000 1.00000
117 0.94872 0.63248
7 1.00000 1.00000
4 1.00000 1.00000
4 1.00000 1.00000
4 1.00000 1.00000
4 1.00000 1.00000
4 1.00000 1.00000
4 1.00000 1.00000
13 1.00000 1.00000
11 0.91667 1.00000
46 0.93939 0.67391
9 0.69231 1.00000
46 0.93939 0.67391
46 0.93939 0.67391
31 0.93939 1.00000
25 0.83333 1.00000
23 0.00014 1.00000
9 0.34615 1.00000
25 0.96154 1.00000
9 1.00000 1.00000
7 0.63636 1.00000
4 1.00000 1.00000
9 1.00000 1.00000
6 1.00000 1.00000
46 0.93939 0.67391
15 0.93750 1.00000
6 0.85714 1.00000
8 1.00000 1.00000
19 0.00012 1.00000
3 1.00000 1.00000
46 0.93939 0.67391
11 1.00000 1.00000
3 1.00000 1.00000
8 0.80000 1.00000
47 1.00000 1.00000
9 0.37500 1.00000
46 0.93939 0.67391
3 1.00000 1.00000
33 0.94286 1.00000
17 0.00011 1.00000
16 0.69565 1.00000
11 1.00000 1.00000
9 0.75000 1.00000
6 1.00000 1.00000
4 1.00000 1.00000
4 1.00000 1.00000
6 1.00000 1.00000
6 1.00000 1.00000
74 0.91667 0.44595
13 0.81250 1.00000
10 1.00000 1.00000
5 1.00000 1.00000
34 0.93333 0.82353
18 1.00000 0.50000
46 0.93939 0.67391
3 1.00000 1.00000
4 1.00000 1.00000
30 1.00000 0.83333
20 0.95238 1.00000
5 1.00000 1.00000
46 0.93939 0.67391
13 0.81250 1.00000
7 0.87500 1.00000
7 0.87500 1.00000
7 0.87500 1.00000
7 0.87500 1.00000
7 0.87500 1.00000
7 0.87500 1.00000
13 0.00008 1.00000
5 1.00000 1.00000
104 0.94828 0.52885
23 1.00000 1.00000
23 1.00000 1.00000
41 0.77358 1.00000
14 0.00009 1.00000
7 0.87500 1.00000
46 0.93939 0.67391
12 1.00000 1.00000
25 0.96154 1.00000
22 0.42308 1.00000
3 1.00000 1.00000
23 1.00000 0.69565
12 1.00000 0.83333
8 1.00000 1.00000
4 1.00000 1.00000
31 1.00000 0.90323
41 1.00000 0.51220
10 0.66667 1.00000
4 1.00000 1.00000
4 1.00000 1.00000
5 1.00000 1.00000
4 1.00000 1.00000
46 0.93939 0.67391
5 1.00000 1.00000
11 1.00000 1.00000
11 1.00000 1.00000
11 1.00000 1.00000
7 1.00000 1.00000
7 0.12727 1.00000
4 1.00000 1.00000
4 1.00000 1.00000
4 1.00000 1.00000
113 1.00000 0.51327
138 0.97273 0.77536
138 0.97273 0.77536
10 1.00000 1.00000
10 0.90909 1.00000
5 1.00000 1.00000
7 0.87500 1.00000
7 0.87500 1.00000
12 0.92308 1.00000
7 0.87500 1.00000
15 1.00000 0.80000
3 1.00000 1.00000
13 1.00000 1.00000
16 0.55172 1.00000
16 0.55172 1.00000
4 1.00000 1.00000
4 1.00000 1.00000
3 1.00000 1.00000
28 1.00000 0.60714
54 1.00000 1.00000
35 1.00000 0.68571
13 0.76471 1.00000
9 1.00000 1.00000
8 1.00000 1.00000
7 0.87500 1.00000
4 1.00000 1.00000
10 0.90909 1.00000
10 0.90909 1.00000
10 0.90909 1.00000
10 0.90909 1.00000
10 0.90909 1.00000
10 0.90909 1.00000
28 0.88235 0.53571
10 1.00000 0.90000
8 0.88889 1.00000
4 1.00000 1.00000
17 1.00000 0.94118
14 1.00000 1.00000
25 1.00000 0.96000
47 1.00000 1.00000
9 1.00000 1.00000
3 1.00000 1.00000
52 1.00000 1.00000
7 0.00004 1.00000
16 1.00000 1.00000
10 1.00000 1.00000
11 1.00000 1.00000
8 1.00000 1.00000
3 1.00000 1.00000
9 1.00000 1.00000
3 1.00000 1.00000
18 0.45833 0.61111
6 0.85714 1.00000
8 1.00000 1.00000
4 1.00000 1.00000
3 1.00000 1.00000
22 0.42308 1.00000
3 1.00000 1.00000
6 0.12000 1.00000
6 0.85714 1.00000
3 1.00000 1.00000
4 1.00000 1.00000
7 0.87500 1.00000
7 0.87500 1.00000
7 0.87500 1.00000
3 1.00000 1.00000
29 0.43284 1.00000
27 0.75000 1.00000
12 0.85714 1.00000
6 1.00000 1.00000
9 0.90000 1.00000
5 1.00000 1.00000
4 1.00000 1.00000
46 0.93939 0.67391
16 1.00000 0.93750
16 1.00000 0.93750
4 1.00000 1.00000
12 0.92308 1.00000
7 1.00000 1.00000
6 0.85714 1.00000
7 0.00004 1.00000
7 0.00004 1.00000
12 1.00000 1.00000
7 0.87500 1.00000
7 1.00000 1.00000
7 1.00000 1.00000
8 0.33333 1.00000
3 1.00000 1.00000
23 1.00000 0.69565
12 1.00000 0.83333
7 1.00000 1.00000
57 1.00000 0.91228
21 1.00000 1.00000
9 1.00000 0.77778
12 0.00007 1.00000
6 0.00004 1.00000
4 1.00000 1.00000
11 0.50000 1.00000
4 1.00000 1.00000
91 0.63750 0.56044
4 1.00000 1.00000
7 1.00000 1.00000
7 1.00000 1.00000
11 0.05882 1.00000
5 1.00000 1.00000
4 1.00000 1.00000
30 0.94118 0.53333
9 1.00000 1.00000
9 1.00000 1.00000
11 1.00000 0.90909
3 1.00000 1.00000
11 1.00000 1.00000
6 1.00000 1.00000
6 0.85714 1.00000
19 1.00000 1.00000
12 1.00000 0.91667
7 1.00000 1.00000
4 1.00000 1.00000
7 1.00000 1.00000
31 1.00000 0.67742
29 0.87879 1.00000
4 1.00000 1.00000
4 1.00000 1.00000
4 1.00000 1.00000
4 1.00000 1.00000
4 1.00000 1.00000
4 1.00000 1.00000
4 1.00000 1.00000
9 0.21951 1.00000
3 1.00000 1.00000
7 1.00000 1.00000
9 0.09677 1.00000
5 1.00000 1.00000
5 1.00000 1.00000
13 0.92857 1.00000
7 1.00000 1.00000
30 1.00000 0.96667
7 1.00000 1.00000
119 0.92500 0.62185
13 1.00000 1.00000
9 1.00000 0.88889
4 1.00000 1.00000
4 1.00000 1.00000
15 0.93750 1.00000
7 1.00000 1.00000
5 1.00000 1.00000
13 1.00000 0.53846
9 1.00000 1.00000
6 1.00000 1.00000
11 1.00000 0.81818
51 0.93939 0.60784
3 1.00000 1.00000
6 1.00000 1.00000
5 1.00000 1.00000
8 1.00000 1.00000
4 1.00000 1.00000
42 0.75000 1.00000
42 0.75000 1.00000
3 1.00000 1.00000
9 1.00000 1.00000
8 0.88889 1.00000
8 0.88889 1.00000
7 1.00000 1.00000
18 1.00000 1.00000
13 0.92857 1.00000
51 0.93939 0.60784
5 1.00000 1.00000
3 1.00000 1.00000
11 1.00000 0.81818
47 1.00000 1.00000
90 0.96875 0.34444
32 0.00020 1.00000
6 1.00000 1.00000
6 1.00000 1.00000
7 1.00000 1.00000
104 0.94828 0.52885
48 1.00000 0.97917
7 1.00000 1.00000
7 1.00000 1.00000
16 1.00000 1.00000
4 1.00000 1.00000
11 1.00000 1.00000
6 1.00000 1.00000
3 1.00000 1.00000
8 1.00000 1.00000
3 1.00000 1.00000
4 1.00000 1.00000
17 0.89474 1.00000
4 1.00000 1.00000
44 0.00022 0.81818
4 1.00000 1.00000
3 1.00000 1.00000
44 0.00022 0.81818
5 1.00000 1.00000
3 1.00000 1.00000
34 0.95455 0.61765
9 1.00000 0.55556
7 1.00000 0.85714
4 1.00000 1.00000
3 1.00000 1.00000
3 1.00000 1.00000
3 1.00000 1.00000
50 0.96154 1.00000
41 0.73214 1.00000
6 1.00000 1.00000
46 0.94737 0.78261
21 1.00000 1.00000
18 0.94737 1.00000
11 1.00000 1.00000
14 0.00009 1.00000
6 0.60000 1.00000
31 0.85000 0.54839
31 0.85000 0.54839
4 1.00000 1.00000
4 1.00000 1.00000
4 1.00000 1.00000
28 0.88235 0.53571
10 1.00000 0.90000
8 0.88889 1.00000
4 1.00000 1.00000
26 1.00000 0.92308
4 1.00000 1.00000
4 1.00000 1.00000
19 1.00000 1.00000
14 1.00000 1.00000
4 1.00000 1.00000
4 1.00000 1.00000
20 0.74074 1.00000
18 0.72000 1.00000
42 1.00000 0.73810
13 0.81250 1.00000
9 0.75000 1.00000
7 0.00004 1.00000
7 0.58333 1.00000
47 1.00000 1.00000
4 1.00000 1.00000
3 1.00000 1.00000
19 1.00000 1.00000
14 1.00000 1.00000
14 0.00009 1.00000
3 1.00000 1.00000
8 1.00000 1.00000
51 0.93750 0.88235
19 0.95000 1.00000
8 0.88889 1.00000
7 0.00004 1.00000
3 1.00000 1.00000
13 1.00000 1.00000
13 0.00008 1.00000
42 1.00000 0.73810
12 1.00000 1.00000
11 0.91667 1.00000
13 1.00000 0.53846
13 1.00000 1.00000
3 1.00000 1.00000
11 1.00000 1.00000
5 1.00000 1.00000
46 1.00000 0.67391
13 0.92857 1.00000
3 1.00000 1.00000
33 1.00000 0.42424
3 1.00000 1.00000
3 1.00000 1.00000
17 1.00000 0.94118
8 0.88889 1.00000
5 1.00000 1.00000
66 0.98438 0.95455
45 0.95455 0.93333
25 1.00000 1.00000
11 1.00000 1.00000
9 0.90000 1.00000
8 0.80000 1.00000
9 1.00000 1.00000
9 1.00000 1.00000
8 1.00000 1.00000
6 1.00000 1.00000
9 1.00000 1.00000
3 1.00000 1.00000
61 0.98333 0.96721
28 1.00000 0.85714
17 1.00000 1.00000
12 1.00000 1.00000
10 1.00000 1.00000
18 0.93750 0.83333
4 1.00000 1.00000
32 0.93333 0.87500
24 0.77419 1.00000
15 1.00000 1.00000
33 0.78571 1.00000
23 0.27059 1.00000
16 0.14035 1.00000
5 1.00000 1.00000
6 0.85714 1.00000
35 0.79545 1.00000
12 1.00000 1.00000
9 0.00006 1.00000
6 0.00004 1.00000
5 1.00000 1.00000
52 1.00000 1.00000
45 0.80357 1.00000
34 0.96296 0.76471
8 1.00000 1.00000
6 0.10714 1.00000
52 1.00000 1.00000
45 0.80357 1.00000
34 0.96296 0.76471
8 1.00000 1.00000
6 0.10714 1.00000
9 1.00000 1.00000
10 1.00000 1.00000
9 1.00000 1.00000
12 0.75000 1.00000
4 1.00000 1.00000
3 1.00000 1.00000
9 0.81818 1.00000
6 0.85714 1.00000
4 1.00000 1.00000
5 0.83333 1.00000
3 1.00000 1.00000
25 0.32468 1.00000
12 0.92308 1.00000
25 1.00000 1.00000
14 1.00000 1.00000
12 0.92308 1.00000
11 1.00000 1.00000
14 0.58333 1.00000
8 0.88889 1.00000
4 1.00000 1.00000
8 1.00000 1.00000
3 1.00000 1.00000
9 0.90000 1.00000
9 0.90000 1.00000
25 0.96154 1.00000
9 1.00000 1.00000
7 1.00000 1.00000
6 1.00000 1.00000
5 1.00000 1.00000
8 0.33333 1.00000
12 0.00007 1.00000
12 0.92308 1.00000
5 1.00000 1.00000
8 1.00000 1.00000
8 1.00000 1.00000
14 0.87500 1.00000
10 1.00000 1.00000
4 1.00000 1.00000
3 1.00000 1.00000
7 1.00000 1.00000
11 1.00000 0.63636
17 1.00000 0.82353
11 0.64706 1.00000
9 1.00000 0.88889
51 0.93939 0.60784
11 1.00000 1.00000
11 1.00000 1.00000
9 0.37500 1.00000
27 1.00000 1.00000
23 1.00000 1.00000
10 1.00000 1.00000
9 0.90000 1.00000
5 1.00000 1.00000
5 1.00000 1.00000
31 0.93333 0.90323
31 0.95000 0.61290
18 0.78261 1.00000
22 0.42308 1.00000
6 1.00000 1.00000
8 1.00000 1.00000
7 0.87500 1.00000
8 1.00000 1.00000
7 0.87500 1.00000
22 0.42308 1.00000
9 1.00000 1.00000
3 1.00000 1.00000
12 0.75000 1.00000
11 1.00000 1.00000
6 0.85714 1.00000
5 1.00000 1.00000
74 0.95522 0.86486
28 1.00000 0.92857
3 1.00000 1.00000
8 1.00000 1.00000
7 1.00000 1.00000
6 1.00000 1.00000
6 1.00000 1.00000
3 1.00000 1.00000
3 1.00000 1.00000
23 1.00000 1.00000
8 1.00000 1.00000
11 1.00000 1.00000
21 0.80000 0.95238
6 1.00000 1.00000
6 1.00000 1.00000
34 0.82927 1.00000
11 1.00000 1.00000
11 1.00000 1.00000
11 1.00000 1.00000
11 1.00000 1.00000
11 1.00000 1.00000
6 0.00004 1.00000
43 0.96296 0.60465
28 0.00017 0.96429
27 1.00000 0.74074
23 1.00000 1.00000
9 1.00000 1.00000
8 0.88889 1.00000
7 0.00004 1.00000
3 1.00000 1.00000
18 0.94737 1.00000
5 1.00000 1.00000
12 0.91667 0.91667
41 1.00000 0.51220
18 1.00000 0.50000
11 1.00000 1.00000
8 1.00000 1.00000
3 1.00000 1.00000
14 1.00000 0.92857
7 1.00000 1.00000
11 1.00000 1.00000
18 1.00000 0.94444
17 0.20988 1.00000
5 1.00000 1.00000
4 1.00000 1.00000
3 1.00000 1.00000
7 0.77778 1.00000
16 1.00000 0.93750
6 0.00004 1.00000
47 1.00000 1.00000
30 1.00000 0.66667
15 1.00000 0.80000
42 1.00000 0.73810
12 1.00000 1.00000
4 1.00000 1.00000
34 0.95000 0.55882
18 0.78261 1.00000
6 1.00000 1.00000
4 1.00000 1.00000
20 0.00012 1.00000
20 0.00012 1.00000
20 0.00012 1.00000
8 1.00000 1.00000
8 1.00000 1.00000
26 0.48148 1.00000
7 1.00000 1.00000
6 1.00000 1.00000
4 1.00000 1.00000
4 1.00000 1.00000
3 1.00000 1.00000
91 0.97619 0.90110
27 0.96296 0.96296
10 1.00000 1.00000
12 0.60000 1.00000
17 1.00000 0.70588
3 1.00000 1.00000
3 1.00000 1.00000
9 1.00000 0.88889
3 1.00000 1.00000
17 1.00000 0.82353
11 0.64706 1.00000
22 0.94118 0.72727
11 1.00000 1.00000
21 0.24706 1.00000
17 1.00000 0.70588
14 0.87500 1.00000
17 1.00000 0.70588
5 1.00000 1.00000
32 1.00000 0.62500
13 0.41935 1.00000
32 1.00000 0.62500
13 0.41935 1.00000
8 1.00000 1.00000
3 1.00000 1.00000
6 1.00000 1.00000
3 1.00000 1.00000
11 1.00000 1.00000
9 1.00000 1.00000
9 1.00000 1.00000
5 1.00000 1.00000
4 1.00000 1.00000
4 1.00000 1.00000
7 1.00000 1.00000
6 0.40000 1.00000
39 1.00000 0.58974
11 1.00000 1.00000
3 1.00000 1.00000
9 1.00000 1.00000
9 1.00000 1.00000
8 0.33333 1.00000
5 1.00000 1.00000
6 0.75000 1.00000
90 1.00000 0.76667
16 1.00000 1.00000
26 1.00000 1.00000
25 0.96154 1.00000
10 1.00000 1.00000
9 0.90000 1.00000
8 1.00000 1.00000
9 1.00000 1.00000
4 1.00000 1.00000
4 1.00000 1.00000
3 1.00000 1.00000
34 0.95455 0.61765
9 1.00000 0.55556
8 0.33333 1.00000
22 0.42308 1.00000
8 0.88889 1.00000
3 1.00000 1.00000
3 1.00000 1.00000
21 0.00013 1.00000
14 0.00009 1.00000
25 0.96154 1.00000
4 1.00000 1.00000
25 1.00000 0.76000
25 0.96154 1.00000
22 0.42308 1.00000
4 1.00000 1.00000
56 0.82353 1.00000
14 1.00000 1.00000
33 1.00000 0.96970
14 1.00000 0.92857
9 1.00000 0.66667
7 1.00000 1.00000
33 0.00021 1.00000
20 0.95238 1.00000
6 0.00004 1.00000
6 1.00000 1.00000
41 0.77358 1.00000
20 0.90909 1.00000
18 1.00000 0.50000
9 1.00000 1.00000
5 1.00000 1.00000
9 0.75000 1.00000
4 1.00000 1.00000
11 1.00000 1.00000
10 0.90909 1.00000
10 1.00000 1.00000
14 0.00009 1.00000
3 1.00000 1.00000
5 0.83333 1.00000
25 0.96154 1.00000
22 0.42308 1.00000
6 0.75000 1.00000
3 1.00000 1.00000
8 1.00000 1.00000
6 0.85714 1.00000
5 1.00000 1.00000
23 0.95652 0.95652
9 0.19149 1.00000
8 1.00000 1.00000
8 1.00000 1.00000
8 1.00000 1.00000
8 1.00000 1.00000
8 1.00000 1.00000
8 1.00000 1.00000
8 1.00000 1.00000
8 1.00000 1.00000
8 1.00000 1.00000
6 0.00004 1.00000
36 0.00022 1.00000
30 1.00000 0.90000
15 0.93750 1.00000
13 0.76471 1.00000
10 1.00000 1.00000
54 1.00000 1.00000
35 1.00000 0.68571
9 1.00000 1.00000
45 1.00000 0.40000
11 1.00000 1.00000
8 0.88889 1.00000
7 1.00000 1.00000
11 1.00000 1.00000
11 1.00000 1.00000
12 0.92308 1.00000
6 0.85714 1.00000
10 0.66667 1.00000
9 1.00000 1.00000
42 1.00000 0.73810
13 0.92857 1.00000
12 1.00000 1.00000
8 0.80000 1.00000
8 0.88889 1.00000
7 0.58333 1.00000
4 1.00000 1.00000
6 1.00000 1.00000
117 0.94872 0.63248
19 0.61290 1.00000
18 0.24000 1.00000
10 1.00000 1.00000
31 0.96774 0.96774
4 1.00000 1.00000
3 1.00000 1.00000
15 1.00000 1.00000
7 1.00000 1.00000
8 0.88889 1.00000
7 1.00000 1.00000
4 1.00000 1.00000
7 1.00000 1.00000
5 1.00000 1.00000
6 0.23077 1.00000
3 1.00000 1.00000
20 1.00000 1.00000
17 0.94444 1.00000
16 1.00000 0.93750
16 0.00010 1.00000
8 1.00000 1.00000
5 1.00000 1.00000
4 1.00000 1.00000
3 1.00000 1.00000
3 1.00000 1.00000
44 0.89474 0.77273
30 0.14407 0.56667
27 0.47273 0.96296
16 1.00000 1.00000
16 1.00000 1.00000
32 1.00000 0.62500
6 1.00000 1.00000
6 1.00000 1.00000
15 0.00009 1.00000
28 1.00000 0.60714
17 1.00000 0.94118
3 1.00000 1.00000
3 1.00000 1.00000
5 1.00000 1.00000
20 0.24691 1.00000
18 1.00000 0.94444
16 0.76190 1.00000
3 1.00000 1.00000
4 1.00000 1.00000
10 1.00000 0.90000
52 1.00000 1.00000
7 0.00004 1.00000
52 1.00000 1.00000
7 0.00004 1.00000
25 0.96154 1.00000
22 0.42308 1.00000
30 0.90909 1.00000
6 0.42857 1.00000
13 1.00000 0.61538
12 1.00000 1.00000
10 0.90909 1.00000
8 0.80000 1.00000
8 0.88889 1.00000
7 0.58333 1.00000
4 1.00000 1.00000
13 1.00000 0.61538
12 1.00000 1.00000
10 0.90909 1.00000
8 0.80000 1.00000
8 0.88889 1.00000
7 0.58333 1.00000
4 1.00000 1.00000
4 1.00000 1.00000
7 0.70000 1.00000
3 1.00000 1.00000
8 0.88889 1.00000
6 0.00004 1.00000
9 1.00000 0.88889
3 1.00000 1.00000
3 1.00000 1.00000
42 1.00000 0.73810
13 0.81250 1.00000
12 1.00000 1.00000
7 0.58333 1.00000
9 1.00000 1.00000
3 1.00000 1.00000
8 0.80000 1.00000
3 1.00000 1.00000
7 0.87500 1.00000
3 1.00000 1.00000
42 1.00000 0.73810
13 0.92857 1.00000
12 1.00000 1.00000
9 0.75000 1.00000
8 0.88889 1.00000
4 1.00000 1.00000
15 0.93750 1.00000
3 1.00000 1.00000
10 0.52632 1.00000
10 1.00000 0.90000
7 1.00000 1.00000
19 1.00000 0.63158
6 1.00000 1.00000
5 1.00000 1.00000
3 1.00000 1.00000
8 1.00000 1.00000
4 1.00000 1.00000
10 1.00000 1.00000
11 1.00000 1.00000
8 1.00000 1.00000
8 0.88889 1.00000
22 0.95238 0.90909
16 0.00010 1.00000
8 1.00000 1.00000
18 0.94737 1.00000
52 1.00000 1.00000
45 0.80357 1.00000
34 0.96296 0.76471
8 1.00000 1.00000
7 0.00004 1.00000
7 0.58333 1.00000
6 0.10714 1.00000
66 0.00041 1.00000
35 0.96000 0.68571
6 0.27273 1.00000
34 0.95000 0.55882
18 0.78261 1.00000
4 1.00000 1.00000
8 1.00000 1.00000
7 1.00000 0.85714
8 1.00000 1.00000
7 1.00000 0.85714
3 1.00000 1.00000
4 1.00000 1.00000
16 0.94118 1.00000
10 0.76923 1.00000
9 1.00000 1.00000
7 1.00000 1.00000
6 0.00004 1.00000
5 1.00000 1.00000
4 1.00000 1.00000
4 1.00000 1.00000
7 1.00000 1.00000
52 0.79545 0.67308
41 0.83673 1.00000
26 0.95833 0.88462
14 0.93333 1.00000
12 0.92308 1.00000
11 0.55000 1.00000
7 0.00004 1.00000
5 0.83333 1.00000
9 1.00000 1.00000
6 1.00000 1.00000
5 1.00000 1.00000
4 1.00000 1.00000
6 1.00000 1.00000
6 1.00000 1.00000
6 1.00000 1.00000
138 0.97273 0.77536
72 0.95714 0.93056
47 0.79661 1.00000
20 1.00000 1.00000
14 0.87500 1.00000
10 1.00000 1.00000
3 1.00000 1.00000
3 1.00000 1.00000
6 1.00000 1.00000
24 1.00000 0.41667
14 1.00000 1.00000
9 0.81818 1.00000
5 1.00000 1.00000
13 0.81250 1.00000
10 0.76923 1.00000
7 0.87500 1.00000
5 1.00000 1.00000
3 1.00000 1.00000
3 1.00000 1.00000
29 0.43284 1.00000
27 0.75000 1.00000
12 0.85714 1.00000
8 0.80000 1.00000
6 1.00000 1.00000
9 0.00006 1.00000
6 1.00000 1.00000
5 1.00000 1.00000
7 1.00000 1.00000
6 1.00000 1.00000
5 1.00000 1.00000
33 0.00021 1.00000
3 1.00000 1.00000
7 1.00000 1.00000
7 1.00000 1.00000
6 0.12000 1.00000
6 0.40000 1.00000
62 0.91176 1.00000
24 1.00000 0.79167
19 0.73077 1.00000
8 1.00000 1.00000
8 1.00000 1.00000
5 1.00000 1.00000
33 0.00011 0.51515
7 0.87500 1.00000
3 1.00000 1.00000
8 1.00000 1.00000
8 1.00000 1.00000
6 1.00000 1.00000
24 0.92308 1.00000
37 0.81818 0.97297
12 1.00000 1.00000
9 0.00006 1.00000
6 1.00000 1.00000
6 0.00004 1.00000
5 1.00000 1.00000
71 0.00044 0.98592
21 1.00000 1.00000
11 1.00000 1.00000
9 1.00000 1.00000
7 1.00000 1.00000
6 1.00000 1.00000
3 1.00000 1.00000
7 0.87500 1.00000
4 1.00000 1.00000
7 0.87500 1.00000
4 1.00000 1.00000
3 1.00000 1.00000
28 1.00000 0.60714
17 1.00000 0.94118
9 0.69231 1.00000
19 1.00000 1.00000
14 1.00000 1.00000
6 0.27273 1.00000
5 1.00000 1.00000
18 1.00000 0.66667
6 1.00000 1.00000
3 1.00000 1.00000
27 0.00011 0.66667
17 0.80952 1.00000
14 0.33333 1.00000
9 1.00000 1.00000
7 0.87500 1.00000
33 0.97059 1.00000
16 0.00010 1.00000
10 1.00000 1.00000
8 1.00000 1.00000
8 1.00000 1.00000
12 0.00007 1.00000
20 1.00000 0.85000
20 1.00000 0.85000
9 0.75000 1.00000
6 1.00000 1.00000
5 1.00000 1.00000
4 1.00000 1.00000
3 1.00000 1.00000
3 1.00000 1.00000
20 1.00000 0.85000
20 1.00000 0.85000
13 0.81250 1.00000
12 1.00000 1.00000
7 1.00000 1.00000
42 1.00000 0.73810
12 1.00000 1.00000
7 0.58333 1.00000
7 0.50000 1.00000
25 0.96154 1.00000
34 0.00011 0.50000
11 1.00000 1.00000
3 1.00000 1.00000
8 1.00000 0.62500
3 1.00000 1.00000
25 0.96154 1.00000
22 0.42308 1.00000
6 1.00000 1.00000
35 1.00000 0.97143
26 0.00016 1.00000
24 1.00000 0.41667
14 1.00000 1.00000
9 0.81818 1.00000
5 1.00000 1.00000
9 0.90000 1.00000
9 0.64286 1.00000
8 1.00000 1.00000
7 0.50000 1.00000
6 1.00000 0.50000
6 1.00000 0.83333
14 0.93333 1.00000
13 0.41935 1.00000
7 0.87500 1.00000
4 1.00000 1.00000
36 1.00000 0.55556
20 1.00000 1.00000
7 0.70000 1.00000
3 1.00000 1.00000
6 1.00000 0.83333
5 0.26316 1.00000
5 1.00000 1.00000
3 1.00000 1.00000
16 1.00000 1.00000
14 1.00000 0.92857
11 1.00000 0.90909
9 1.00000 1.00000
9 0.64286 1.00000
8 1.00000 1.00000
7 1.00000 1.00000
6 1.00000 1.00000
5 1.00000 1.00000
3 1.00000 1.00000
3 1.00000 1.00000
25 0.96154 1.00000
22 0.42308 1.00000
8 1.00000 1.00000
8 1.00000 1.00000
8 1.00000 1.00000
9 1.00000 1.00000
9 1.00000 0.88889
9 0.81818 1.00000
9 1.00000 0.88889
9 0.81818 1.00000
7 1.00000 0.85714
7 1.00000 1.00000
4 1.00000 1.00000
3 1.00000 1.00000
18 0.00011 1.00000
15 0.93750 1.00000
4 1.00000 1.00000
26 0.92593 0.96154
4 1.00000 1.00000
3 1.00000 1.00000
6 1.00000 1.00000
4 1.00000 1.00000
3 1.00000 1.00000
26 0.96296 1.00000
18 0.52381 0.61111
16 1.00000 0.93750
12 0.70588 1.00000
12 0.92308 1.00000
11 1.00000 0.54545
8 1.00000 1.00000
6 0.28571 1.00000
4 1.00000 1.00000
3 1.00000 1.00000
6 1.00000 1.00000
5 1.00000 1.00000
6 1.00000 1.00000
5 1.00000 1.00000
15 0.00009 1.00000
47 1.00000 1.00000
28 1.00000 0.60714
5 0.55556 1.00000
3 1.00000 1.00000
10 1.00000 1.00000
3 1.00000 1.00000
3 1.00000 1.00000
10 1.00000 1.00000
3 1.00000 1.00000
3 1.00000 1.00000
17 0.94444 1.00000
4 1.00000 1.00000
17 1.00000 0.70588
3 1.00000 1.00000
23 1.00000 0.73913
19 0.60870 0.73684
14 1.00000 1.00000
10 0.00006 1.00000
9 1.00000 1.00000
6 0.85714 1.00000
14 0.82353 1.00000
9 0.90000 1.00000
6 1.00000 1.00000
34 0.95000 0.55882
27 0.78261 0.66667
17 1.00000 0.94118
31 0.96875 1.00000
14 0.87500 1.00000
3 1.00000 1.00000
11 1.00000 0.81818
11 1.00000 0.81818
15 0.93750 1.00000
12 0.75000 1.00000
10 1.00000 0.90000
3 1.00000 1.00000
34 0.68085 0.94118
5 1.00000 1.00000
6 1.00000 1.00000
3 1.00000 1.00000
3 1.00000 1.00000
4 1.00000 1.00000
13 1.00000 1.00000
3 1.00000 1.00000
3 1.00000 1.00000
3 1.00000 1.00000
3 1.00000 1.00000
4 1.00000 1.00000
4 1.00000 1.00000
13 1.00000 0.53846
11 1.00000 1.00000
9 1.00000 1.00000
4 1.00000 1.00000
3 1.00000 1.00000
3 1.00000 1.00000
13 1.00000 0.53846
6 1.00000 1.00000
6 1.00000 1.00000
5 1.00000 1.00000
4 1.00000 1.00000
4 1.00000 1.00000
3 1.00000 1.00000
3 1.00000 1.00000
52 1.00000 1.00000
34 0.96296 0.76471
25 0.96154 1.00000
8 1.00000 1.00000
7 0.58333 1.00000
3 1.00000 1.00000
3 1.00000 1.00000
11 1.00000 1.00000
14 0.73684 1.00000
10 1.00000 1.00000
7 1.00000 1.00000
15 0.00009 1.00000
4 1.00000 1.00000
3 1.00000 1.00000
58 0.92982 0.91379
12 0.55000 0.91667
6 1.00000 1.00000
8 1.00000 1.00000
8 1.00000 1.00000
47 0.91489 0.91489
7 0.70000 1.00000
3 1.00000 1.00000
8 1.00000 1.00000
3 1.00000 1.00000
7 0.58333 1.00000
5 1.00000 1.00000
4 1.00000 1.00000
52 1.00000 1.00000
43 0.76786 1.00000
37 0.96296 0.70270
7 0.00004 1.00000
7 0.58333 1.00000
6 0.10714 1.00000
3 1.00000 1.00000
31 0.96875 1.00000
21 0.60000 1.00000
14 0.87500 1.00000
3 1.00000 1.00000
11 1.00000 1.00000
32 1.00000 0.62500
8 1.00000 1.00000
32 1.00000 0.62500
8 1.00000 1.00000
4 1.00000 1.00000
6 0.85714 1.00000
6 0.85714 1.00000
11 0.05882 1.00000
6 0.85714 1.00000
94 0.98925 0.97872
66 0.00041 0.98485
32 1.00000 1.00000
24 0.00015 1.00000
17 0.00011 1.00000
11 0.00007 1.00000
9 1.00000 1.00000
8 1.00000 1.00000
13 1.00000 0.53846
3 1.00000 1.00000
7 0.00004 1.00000
3 1.00000 1.00000
7 0.00004 1.00000
3 1.00000 1.00000
6 1.00000 1.00000
3 1.00000 1.00000
3 1.00000 1.00000
26 0.96296 1.00000
10 0.58824 1.00000
8 0.61538 1.00000
11 1.00000 1.00000
6 0.85714 1.00000
7 0.87500 1.00000
3 1.00000 1.00000
8 1.00000 1.00000
4 1.00000 1.00000
4 1.00000 1.00000
14 0.58333 1.00000
8 0.88889 1.00000
15 0.00009 1.00000
6 1.00000 1.00000
29 0.43284 1.00000
27 0.75000 1.00000
12 0.85714 1.00000
8 0.80000 1.00000
6 1.00000 1.00000
10 0.52632 1.00000
8 1.00000 1.00000
7 0.87500 1.00000
8 1.00000 1.00000
7 0.87500 1.00000
25 0.96154 1.00000
22 0.42308 1.00000
8 1.00000 0.62500
14 0.66667 1.00000
10 0.52632 1.00000
13 0.92857 1.00000
12 1.00000 1.00000
11 0.91667 1.00000
8 1.00000 1.00000
6 1.00000 1.00000
3 1.00000 1.00000
31 0.44776 0.96774
19 0.00012 1.00000
16 0.55172 1.00000
11 1.00000 1.00000
11 1.00000 0.81818
8 0.33333 1.00000
12 1.00000 1.00000
4 1.00000 1.00000
4 1.00000 1.00000
11 1.00000 1.00000
13 1.00000 1.00000
11 0.91667 1.00000
11 0.52381 1.00000
10 1.00000 1.00000
8 1.00000 1.00000
8 1.00000 1.00000
7 1.00000 1.00000
6 0.37500 1.00000
6 1.00000 1.00000
5 1.00000 1.00000
4 1.00000 1.00000
3 1.00000 1.00000
3 1.00000 1.00000
6 0.75000 1.00000
6 0.75000 1.00000
20 0.80952 0.85000
12 0.92308 1.00000
7 1.00000 1.00000
6 1.00000 1.00000
3 1.00000 1.00000
43 0.76786 1.00000
10 0.90909 1.00000
51 0.93939 0.60784
13 0.81250 1.00000
11 0.91667 1.00000
4 1.00000 1.00000
14 0.33333 1.00000
11 0.91667 1.00000
8 0.88889 1.00000
7 0.00004 1.00000
3 1.00000 1.00000
17 0.36957 1.00000
16 0.00010 1.00000
14 0.33333 1.00000
10 1.00000 1.00000
9 1.00000 1.00000
7 0.87500 1.00000
20 0.74074 1.00000
19 0.76000 1.00000
11 1.00000 1.00000
7 0.58333 1.00000
20 0.74074 1.00000
19 0.76000 1.00000
11 1.00000 1.00000
3 1.00000 1.00000
3 1.00000 1.00000
3 1.00000 1.00000
3 1.00000 1.00000
3 1.00000 1.00000
3 1.00000 1.00000
3 1.00000 1.00000
3 1.00000 1.00000
3 1.00000 1.00000
17 1.00000 0.88235
16 1.00000 0.93750
7 1.00000 1.00000
7 1.00000 1.00000
7 1.00000 1.00000
6 1.00000 1.00000
6 1.00000 0.83333
3 1.00000 1.00000
6 0.27273 1.00000
3 1.00000 1.00000
5 1.00000 1.00000
6 0.00004 1.00000
4 1.00000 1.00000
4 1.00000 1.00000
5 1.00000 1.00000
6 0.85714 1.00000
5 1.00000 1.00000
3 1.00000 1.00000
5 1.00000 1.00000
3 1.00000 1.00000
9 1.00000 1.00000
3 1.00000 1.00000
20 1.00000 0.80000
10 0.47619 1.00000
8 1.00000 0.87500
4 1.00000 1.00000
4 1.00000 1.00000
20 1.00000 0.80000
10 0.47619 1.00000
8 1.00000 0.87500
4 1.00000 1.00000
6 1.00000 1.00000
7 1.00000 1.00000
6 0.00004 1.00000
36 0.73810 0.86111
11 1.00000 1.00000
26 0.96296 1.00000
12 0.00007 1.00000
11 1.00000 1.00000
10 1.00000 1.00000
8 1.00000 1.00000
7 1.00000 1.00000
7 0.26923 1.00000
41 1.00000 0.51220
7 0.14286 1.00000
6 1.00000 1.00000
3 1.00000 1.00000
3 1.00000 1.00000
6 1.00000 1.00000
4 1.00000 1.00000
3 1.00000 1.00000
60 0.25882 0.36667
21 0.24706 1.00000
3 1.00000 1.00000
27 0.96429 1.00000
23 1.00000 1.00000
7 1.00000 1.00000
6 1.00000 0.83333
9 0.90000 1.00000
4 1.00000 1.00000
3 1.00000 1.00000
3 1.00000 1.00000
3 1.00000 1.00000
3 1.00000 1.00000
10 0.90909 1.00000
10 0.90909 1.00000
10 0.90909 1.00000
10 0.90909 1.00000
10 0.90909 1.00000
10 0.90909 1.00000
23 0.00014 1.00000
18 1.00000 1.00000
14 1.00000 1.00000
8 1.00000 1.00000
8 1.00000 1.00000
20 0.74074 1.00000
19 0.76000 1.00000
11 1.00000 1.00000
3 1.00000 1.00000
3 1.00000 1.00000
8 1.00000 1.00000
8 1.00000 1.00000
3 1.00000 1.00000
6 1.00000 1.00000
3 1.00000 1.00000
5 0.83333 1.00000
4 1.00000 1.00000
20 0.74074 1.00000
19 0.76000 1.00000
11 1.00000 1.00000
14 0.58333 1.00000
6 1.00000 1.00000
28 0.86667 0.92857
36 0.86842 0.91667
14 0.93333 1.00000
11 1.00000 0.81818
8 0.25806 1.00000
6 1.00000 1.00000
6 1.00000 1.00000
3 1.00000 1.00000
3 1.00000 1.00000
7 0.87500 1.00000
9 1.00000 1.00000
7 1.00000 1.00000
6 1.00000 1.00000
3 1.00000 1.00000
3 1.00000 1.00000
3 1.00000 1.00000
3 1.00000 1.00000
14 1.00000 1.00000
7 0.58333 1.00000
5 1.00000 1.00000
3 1.00000 1.00000
5 1.00000 1.00000
6 0.85714 1.00000
9 0.00006 1.00000
4 1.00000 1.00000
4 1.00000 1.00000
8 1.00000 1.00000
5 0.83333 1.00000
12 0.00007 1.00000
12 1.00000 1.00000
10 0.90909 1.00000
9 0.90000 1.00000
14 0.58333 1.00000
10 0.90909 1.00000
10 0.90909 1.00000
20 1.00000 0.95000
10 0.90000 0.90000
20 1.00000 0.95000
10 0.90000 0.90000
10 0.90909 1.00000
6 1.00000 1.00000
7 0.87500 1.00000
3 1.00000 1.00000
8 1.00000 1.00000
3 1.00000 1.00000
3 1.00000 1.00000
7 0.87500 1.00000
8 1.00000 1.00000
8 1.00000 1.00000
18 0.80952 0.94444
12 1.00000 1.00000
11 1.00000 1.00000
5 1.00000 1.00000
3 1.00000 1.00000
13 0.92857 1.00000
13 0.81250 1.00000
12 1.00000 1.00000
12 1.00000 0.66667
8 0.88889 1.00000
4 1.00000 1.00000
14 0.66667 1.00000
14 0.93333 1.00000
11 1.00000 1.00000
11 0.91667 1.00000
3 1.00000 1.00000
3 1.00000 1.00000
5 0.09804 1.00000
3 1.00000 1.00000
27 0.95238 0.74074
26 0.72222 1.00000
8 1.00000 1.00000
7 1.00000 1.00000
7 1.00000 1.00000
6 0.00004 1.00000
6 1.00000 1.00000
5 0.62500 1.00000
4 1.00000 1.00000
4 1.00000 1.00000
3 1.00000 1.00000
3 1.00000 1.00000
3 1.00000 1.00000
5 0.09804 1.00000
3 1.00000 1.00000
14 0.87500 1.00000
3 1.00000 1.00000
15 0.71429 1.00000
7 1.00000 0.57143
25 0.96154 1.00000
3 1.00000 1.00000
8 1.00000 1.00000
5 0.83333 1.00000
4 1.00000 1.00000
3 1.00000 1.00000
3 1.00000 1.00000
3 1.00000 1.00000
3 1.00000 1.00000
18 0.80952 0.94444
12 1.00000 1.00000
11 1.00000 1.00000
5 1.00000 1.00000
3 1.00000 1.00000
6 1.00000 1.00000
3 1.00000 1.00000
3 1.00000 1.00000
3 1.00000 1.00000
3 1.00000 1.00000
17 1.00000 0.94118
13 0.00008 1.00000
14 1.00000 1.00000
7 0.58333 1.00000
5 1.00000 1.00000
9 1.00000 1.00000
3 1.00000 1.00000
3 1.00000 1.00000
34 0.82927 1.00000
46 1.00000 0.39130
32 0.93333 0.87500
18 0.78261 1.00000
5 1.00000 1.00000
3 1.00000 1.00000
3 1.00000 1.00000
6 1.00000 1.00000
6 1.00000 1.00000
6 1.00000 1.00000
6 0.42857 1.00000
5 1.00000 1.00000
8 1.00000 1.00000
3 1.00000 1.00000
9 1.00000 0.88889
3 1.00000 1.00000
3 1.00000 1.00000
9 0.90000 1.00000
6 1.00000 1.00000
3 1.00000 1.00000
4 1.00000 1.00000
4 1.00000 1.00000
32 1.00000 0.62500
5 1.00000 1.00000
8 1.00000 1.00000
7 0.77778 1.00000
6 1.00000 0.83333
5 0.83333 1.00000
96 0.93939 0.32292
13 0.81250 1.00000
7 0.50000 1.00000
4 1.00000 1.00000
4 1.00000 1.00000
3 1.00000 1.00000
7 1.00000 1.00000
11 1.00000 0.90909
8 1.00000 1.00000
7 1.00000 1.00000
69 1.00000 0.68116
25 1.00000 0.96000
22 1.00000 0.50000
16 1.00000 1.00000
12 0.66667 1.00000
10 1.00000 0.90000
9 1.00000 1.00000
7 0.87500 1.00000
6 1.00000 0.83333
4 1.00000 1.00000
3 1.00000 1.00000
3 1.00000 1.00000
3 1.00000 1.00000
6 0.00004 1.00000
17 1.00000 0.70588
5 1.00000 1.00000
3 1.00000 1.00000
28 0.95652 0.78571
21 1.00000 0.90476
9 1.00000 1.00000
3 1.00000 1.00000
52 1.00000 1.00000
45 0.80357 1.00000
37 0.96296 0.70270
25 0.96154 1.00000
7 0.00004 1.00000
7 0.58333 1.00000
6 0.10714 1.00000
3 1.00000 1.00000
25 1.00000 0.96000
13 1.00000 1.00000
8 1.00000 1.00000
3 1.00000 1.00000
3 1.00000 1.00000
3 1.00000 1.00000
3 1.00000 1.00000
3 1.00000 1.00000
11 1.00000 1.00000
8 1.00000 1.00000
7 0.77778 1.00000
6 1.00000 0.83333
11 0.84615 1.00000
4 1.00000 1.00000
6 0.42857 1.00000
62 0.81579 1.00000
55 0.93220 1.00000
4 1.00000 1.00000
6 1.00000 1.00000
3 1.00000 1.00000
3 1.00000 1.00000
47 0.00029 1.00000
27 1.00000 0.77778
15 0.00009 1.00000
14 0.00009 1.00000
11 0.73333 1.00000
11 1.00000 1.00000
4 1.00000 1.00000
22 0.40000 1.00000
13 0.92857 1.00000
13 0.81250 1.00000
12 1.00000 1.00000
4 1.00000 1.00000
3 1.00000 1.00000
7 1.00000 1.00000
5 0.29412 1.00000
3 1.00000 1.00000
4 1.00000 1.00000
3 1.00000 1.00000
7 1.00000 1.00000
3 1.00000 1.00000
6 0.23077 1.00000
3 1.00000 1.00000
3 1.00000 1.00000
3 1.00000 1.00000
5 1.00000 1.00000
51 0.83333 0.98039
12 0.80000 1.00000
4 1.00000 1.00000
15 0.93750 1.00000
7 1.00000 1.00000
3 1.00000 1.00000
7 1.00000 1.00000
11 0.84615 1.00000
4 1.00000 1.00000
3 1.00000 1.00000
49 1.00000 0.40816
27 0.00017 1.00000
25 1.00000 0.40000
16 1.00000 0.68750
14 1.00000 1.00000
10 0.90909 1.00000
7 1.00000 1.00000
3 1.00000 1.00000
154 0.97101 0.43506
118 0.96154 0.63559
81 0.86022 0.98765
35 1.00000 0.68571
30 1.00000 0.90000
25 0.80645 1.00000
21 0.95238 0.95238
21 1.00000 1.00000
18 1.00000 0.94444
10 1.00000 1.00000
10 1.00000 1.00000
16 1.00000 1.00000
14 1.00000 0.92857
11 1.00000 0.90909
9 1.00000 1.00000
9 0.64286 1.00000
8 1.00000 1.00000
7 1.00000 1.00000
6 1.00000 1.00000
5 1.00000 1.00000
4 1.00000 1.00000
7 1.00000 1.00000
20 0.00012 0.95000
16 1.00000 1.00000
14 1.00000 1.00000
12 1.00000 1.00000
12 1.00000 1.00000
11 1.00000 0.90909
7 0.58333 1.00000
4 1.00000 1.00000
8 1.00000 1.00000
5 0.83333 1.00000
39 0.00011 0.43590
36 0.44898 0.61111
36 0.91667 0.91667
19 0.00012 1.00000
6 1.00000 1.00000
9 1.00000 0.88889
7 1.00000 1.00000
3 1.00000 1.00000
3 1.00000 1.00000
9 1.00000 1.00000
3 1.00000 1.00000
11 1.00000 1.00000
7 1.00000 1.00000
4 1.00000 1.00000
68 0.97059 0.97059
25 1.00000 0.76000
19 1.00000 0.57895
17 1.00000 0.88235
7 0.70000 1.00000
4 1.00000 1.00000
25 1.00000 0.44000
7 1.00000 1.00000
6 1.00000 0.50000
6 1.00000 1.00000
5 1.00000 1.00000
5 0.31250 1.00000
5 1.00000 1.00000
3 1.00000 1.00000
52 1.00000 1.00000
11 1.00000 1.00000
7 0.00004 1.00000
13 1.00000 1.00000
12 1.00000 1.00000
11 0.91667 1.00000
10 1.00000 1.00000
9 1.00000 1.00000
9 0.21951 1.00000
8 1.00000 1.00000
8 1.00000 1.00000
8 1.00000 1.00000
7 1.00000 1.00000
6 1.00000 1.00000
6 1.00000 1.00000
6 1.00000 1.00000
6 1.00000 1.00000
5 1.00000 1.00000
5 1.00000 1.00000
5 1.00000 1.00000
4 1.00000 1.00000
3 1.00000 1.00000
9 0.75000 1.00000
7 1.00000 0.85714
3 1.00000 1.00000
8 1.00000 1.00000
10 0.90909 1.00000
3 1.00000 1.00000
7 1.00000 1.00000
3 1.00000 1.00000
3 1.00000 1.00000
11 1.00000 1.00000
83 0.94737 0.86747
55 0.93220 1.00000
16 1.00000 0.93750
3 1.00000 1.00000
3 1.00000 1.00000
6 1.00000 1.00000
7 1.00000 1.00000
10 1.00000 1.00000
5 0.83333 1.00000
4 1.00000 1.00000
4 1.00000 1.00000
10 1.00000 1.00000
5 0.83333 1.00000
4 1.00000 1.00000
4 1.00000 1.00000
3 1.00000 1.00000
41 0.77358 1.00000
25 0.86207 1.00000
23 0.88462 1.00000
11 1.00000 0.54545
15 0.93750 1.00000
21 0.95238 0.95238
3 1.00000 1.00000
108 1.00000 0.24074
32 0.96970 1.00000
17 1.00000 1.00000
9 1.00000 1.00000
8 0.88889 1.00000
7 1.00000 0.57143
8 1.00000 1.00000
5 0.83333 1.00000
3 1.00000 1.00000
3 1.00000 1.00000
3 1.00000 1.00000
3 1.00000 1.00000
3 1.00000 1.00000
34 1.00000 0.50000
4 1.00000 1.00000
3 1.00000 1.00000
6 1.00000 1.00000
3 1.00000 1.00000
3 1.00000 1.00000
13 1.00000 1.00000
11 1.00000 1.00000
11 0.91667 1.00000
10 1.00000 1.00000
9 1.00000 1.00000
9 0.21951 1.00000
8 1.00000 1.00000
8 1.00000 1.00000
8 1.00000 1.00000
7 1.00000 1.00000
6 1.00000 1.00000
6 1.00000 1.00000
6 1.00000 1.00000
6 1.00000 1.00000
6 1.00000 1.00000
5 1.00000 1.00000
5 1.00000 1.00000
4 1.00000 1.00000
3 1.00000 1.00000
3 1.00000 1.00000
33 0.85000 0.51515
20 1.00000 0.60000
20 0.00012 0.95000
16 1.00000 1.00000
13 0.92857 1.00000
13 1.00000 0.61538
11 0.91667 1.00000
11 1.00000 0.90909
11 1.00000 0.81818
10 0.90909 1.00000
5 1.00000 1.00000
5 0.00003 1.00000
4 1.00000 1.00000
36 0.86842 0.91667
35 0.56452 1.00000
33 0.91667 1.00000
32 1.00000 0.62500
30 0.43284 0.96667
19 0.00012 1.00000
14 0.93333 1.00000
13 0.41935 1.00000
11 1.00000 0.81818
11 0.90000 0.81818
8 0.33333 1.00000
6 1.00000 1.00000
21 0.24706 1.00000
3 1.00000 1.00000
6 1.00000 1.00000
6 1.00000 1.00000
5 0.62500 1.00000
3 1.00000 1.00000
18 0.94737 1.00000
11 1.00000 0.90909
18 1.00000 1.00000
4 1.00000 1.00000
11 0.78571 1.00000
10 0.90909 1.00000
6 1.00000 1.00000
5 0.62500 1.00000
5 1.00000 1.00000
5 1.00000 1.00000
4 1.00000 1.00000
4 1.00000 1.00000
3 1.00000 1.00000
4 1.00000 1.00000
4 1.00000 1.00000
52 1.00000 1.00000
7 0.00004 1.00000
68 0.97059 0.97059
25 0.96154 1.00000
25 1.00000 0.76000
19 1.00000 0.57895
17 1.00000 0.88235
10 1.00000 1.00000
8 1.00000 1.00000
7 0.70000 1.00000
4 1.00000 1.00000
10 1.00000 0.50000
9 1.00000 1.00000
6 1.00000 0.83333
5 1.00000 1.00000
4 1.00000 1.00000
3 1.00000 1.00000
3 1.00000 1.00000
4 1.00000 1.00000
3 1.00000 1.00000
31 0.96774 0.96774
11 1.00000 1.00000
6 1.00000 1.00000
3 1.00000 1.00000
4 1.00000 1.00000
43 0.76786 1.00000
7 1.00000 1.00000
9 1.00000 1.00000
8 1.00000 1.00000
7 1.00000 0.85714
4 1.00000 1.00000
4 1.00000 1.00000
3 1.00000 1.00000
3 1.00000 1.00000
6 1.00000 1.00000
6 1.00000 1.00000
6 1.00000 1.00000
6 1.00000 1.00000
6 1.00000 1.00000
6 1.00000 1.00000
7 1.00000 1.00000
5 0.62500 1.00000
5 0.09804 1.00000
4 1.00000 1.00000
3 1.00000 1.00000
3 1.00000 1.00000
9 1.00000 1.00000
25 0.96154 1.00000
3 1.00000 1.00000
27 0.89655 0.96296
3 1.00000 1.00000
21 0.80769 1.00000
12 1.00000 0.91667
6 0.75000 1.00000
9 0.19149 1.00000
43 0.76786 1.00000
13 0.81250 1.00000
12 1.00000 1.00000
10 0.00006 1.00000
3 1.00000 1.00000
6 1.00000 1.00000
27 0.89655 0.96296
3 1.00000 1.00000
113 1.00000 0.51327
94 0.98925 0.97872
32 1.00000 1.00000
24 0.00015 1.00000
17 0.00011 1.00000
12 0.00007 1.00000
9 1.00000 1.00000
8 1.00000 1.00000
8 0.16327 1.00000
3 1.00000 1.00000
3 1.00000 1.00000
4 1.00000 1.00000
19 1.00000 1.00000
10 1.00000 1.00000
7 0.87500 1.00000
3 1.00000 1.00000
6 1.00000 1.00000
6 1.00000 1.00000
6 1.00000 1.00000
7 1.00000 0.85714
7 1.00000 0.85714
3 1.00000 1.00000
28 0.88235 0.53571
9 0.81818 1.00000
7 1.00000 1.00000
6 1.00000 1.00000
6 0.30000 1.00000
5 1.00000 1.00000
3 1.00000 1.00000
3 1.00000 1.00000
4 1.00000 1.00000
26 0.00016 0.96154
7 1.00000 1.00000
6 1.00000 0.50000
5 1.00000 1.00000
5 0.31250 1.00000
5 1.00000 1.00000
4 1.00000 1.00000
3 1.00000 1.00000
21 0.80769 1.00000
12 1.00000 0.91667
6 0.75000 1.00000
3 1.00000 1.00000
3 1.00000 1.00000
3 1.00000 1.00000
3 1.00000 1.00000
3 1.00000 1.00000
3 1.00000 1.00000
6 1.00000 1.00000
3 1.00000 1.00000
3 1.00000 1.00000
69 1.00000 0.68116
25 1.00000 0.96000
17 1.00000 0.94118
12 0.66667 1.00000
9 1.00000 1.00000
7 0.87500 1.00000
6 1.00000 0.83333
4 1.00000 1.00000
3 1.00000 1.00000
3 1.00000 1.00000
3 1.00000 1.00000
34 0.82927 1.00000
6 1.00000 1.00000
3 1.00000 1.00000
3 1.00000 1.00000
3 1.00000 1.00000
6 0.46154 1.00000
5 1.00000 1.00000
8 1.00000 1.00000
8 1.00000 1.00000
6 0.35294 1.00000
3 1.00000 1.00000
3 1.00000 1.00000
6 1.00000 1.00000
3 1.00000 1.00000
3 1.00000 1.00000
3 1.00000 1.00000
4 1.00000 1.00000
4 1.00000 1.00000
3 1.00000 1.00000
3 1.00000 1.00000
3 1.00000 1.00000
5 1.00000 1.00000
4 1.00000 1.00000
10 0.90909 1.00000
8 1.00000 1.00000
8 1.00000 1.00000
6 0.35294 1.00000
3 1.00000 1.00000
3 1.00000 1.00000
6 0.42857 1.00000
143 1.00000 0.36364
97 1.00000 0.22680
32 0.93333 0.87500
15 1.00000 1.00000
13 0.63636 0.53846
12 1.00000 0.91667
10 0.66667 1.00000
9 1.00000 1.00000
9 1.00000 0.77778
9 1.00000 1.00000
8 1.00000 1.00000
7 1.00000 0.85714
7 0.18919 1.00000
6 0.75000 1.00000
6 0.85714 1.00000
17 1.00000 0.70588
3 1.00000 1.00000
6 0.75000 1.00000
3 1.00000 1.00000
6 0.75000 1.00000
3 1.00000 1.00000
8 1.00000 1.00000
4 1.00000 1.00000
32 0.94118 1.00000
28 0.00017 1.00000
8 0.19048 1.00000
3 1.00000 1.00000
3 1.00000 1.00000
7 1.00000 1.00000
3 1.00000 1.00000
7 1.00000 1.00000
3 1.00000 1.00000
85 0.97368 0.87059
60 0.96491 0.91667
55 0.93220 1.00000
9 1.00000 1.00000
4 1.00000 1.00000
14 0.82353 1.00000
13 1.00000 1.00000
10 0.71429 1.00000
10 1.00000 0.90000
10 0.47619 1.00000
8 1.00000 1.00000
7 1.00000 1.00000
7 1.00000 1.00000
6 0.66667 1.00000
6 1.00000 1.00000
4 1.00000 1.00000
3 1.00000 1.00000
3 1.00000 1.00000
3 1.00000 1.00000
3 1.00000 1.00000
3 1.00000 1.00000
23 1.00000 0.69565
13 1.00000 0.53846
12 1.00000 0.83333
11 1.00000 0.90909
6 1.00000 1.00000
5 1.00000 1.00000
3 1.00000 1.00000
69 1.00000 0.68116
25 1.00000 0.96000
17 1.00000 0.94118
12 0.66667 1.00000
10 1.00000 0.90000
9 1.00000 1.00000
9 0.45000 1.00000
7 0.87500 1.00000
6 1.00000 0.83333
3 1.00000 1.00000
3 1.00000 1.00000
3 1.00000 1.00000
3 1.00000 1.00000
3 1.00000 1.00000
3 1.00000 1.00000
3 1.00000 1.00000
4 1.00000 1.00000
76 0.94444 0.44737
27 1.00000 0.37037
9 1.00000 1.00000
4 1.00000 1.00000
6 1.00000 1.00000
107 0.67568 0.23364
13 0.81250 1.00000
8 1.00000 1.00000
7 1.00000 1.00000
107 0.67568 0.23364
13 0.81250 1.00000
8 1.00000 1.00000
7 1.00000 1.00000
19 1.00000 1.00000
10 1.00000 1.00000
7 0.50000 1.00000
7 0.87500 1.00000
3 1.00000 1.00000
37 0.44898 0.59459
36 0.91667 0.91667
20 1.00000 0.95000
11 1.00000 0.81818
10 0.90000 0.90000
6 1.00000 1.00000
6 1.00000 1.00000
3 1.00000 1.00000
3 1.00000 1.00000
6 1.00000 1.00000
4 1.00000 1.00000
4 1.00000 1.00000
6 1.00000 1.00000
5 1.00000 1.00000
6 1.00000 1.00000
5 1.00000 1.00000
6 1.00000 1.00000
6 1.00000 1.00000
6 1.00000 1.00000
16 1.00000 1.00000
13 1.00000 0.46154
12 1.00000 1.00000
11 1.00000 1.00000
10 0.00006 1.00000
6 1.00000 1.00000
4 1.00000 1.00000
3 1.00000 1.00000
3 1.00000 1.00000
13 0.76471 1.00000
13 1.00000 1.00000
10 1.00000 1.00000
8 1.00000 1.00000
7 1.00000 1.00000
7 1.00000 1.00000
6 1.00000 0.50000
6 1.00000 1.00000
6 1.00000 1.00000
5 1.00000 1.00000
4 1.00000 1.00000
4 1.00000 1.00000
4 1.00000 1.00000
3 1.00000 1.00000
3 1.00000 1.00000
17 0.00007 0.70588
16 1.00000 1.00000
10 1.00000 1.00000
9 1.00000 1.00000
9 0.64286 1.00000
8 1.00000 1.00000
6 1.00000 1.00000
5 1.00000 1.00000
5 1.00000 1.00000
3 1.00000 1.00000
3 1.00000 1.00000
3 1.00000 1.00000
3 1.00000 1.00000
10 1.00000 0.50000
10 0.83333 1.00000
5 1.00000 1.00000
14 0.58333 1.00000
15 0.00009 1.00000
5 1.00000 1.00000
4 1.00000 1.00000
9 0.19149 1.00000
11 1.00000 1.00000
8 1.00000 1.00000
6 1.00000 1.00000
5 1.00000 1.00000
3 1.00000 1.00000
3 1.00000 1.00000
3 1.00000 1.00000
3 1.00000 1.00000
3 1.00000 1.00000
6 0.27273 1.00000
9 1.00000 1.00000
5 1.00000 1.00000
3 1.00000 1.00000
3 1.00000 1.00000
5 1.00000 1.00000
3 1.00000 1.00000
3 1.00000 1.00000
3 1.00000 1.00000
14 0.58333 1.00000
6 1.00000 1.00000
49 0.65789 0.51020
43 0.76000 0.88372
41 1.00000 0.29268
11 0.40741 1.00000
9 0.50000 1.00000
8 0.80000 1.00000
66 0.63793 0.56061
45 0.77358 0.91111
41 0.00026 1.00000
21 0.95455 1.00000
21 1.00000 0.80952
10 0.00006 1.00000
7 0.58333 1.00000
4 1.00000 1.00000
4 1.00000 1.00000
3 1.00000 1.00000
62 0.91176 1.00000
24 1.00000 0.79167
11 0.05882 1.00000
8 1.00000 1.00000
6 1.00000 1.00000
5 1.00000 1.00000
4 1.00000 1.00000
3 1.00000 1.00000
3 1.00000 1.00000
8 1.00000 1.00000
8 0.50000 1.00000
4 1.00000 1.00000
4 1.00000 1.00000
4 1.00000 1.00000
3 1.00000 1.00000
18 1.00000 0.66667
6 1.00000 1.00000
26 0.96296 1.00000
3 1.00000 1.00000
28 0.96154 0.89286
17 1.00000 0.70588
15 1.00000 0.86667
11 0.91667 1.00000
6 0.66667 1.00000
6 1.00000 1.00000
7 1.00000 1.00000
4 1.00000 1.00000
28 0.47273 0.92857
25 1.00000 1.00000
13 1.00000 1.00000
11 1.00000 1.00000
10 0.83333 1.00000
8 1.00000 1.00000
7 0.26923 1.00000
6 0.03061 1.00000
28 0.47273 0.92857
25 1.00000 1.00000
13 1.00000 1.00000
11 1.00000 1.00000
10 0.83333 1.00000
8 1.00000 1.00000
7 0.26923 1.00000
6 0.03061 1.00000
36 0.96667 0.80556
8 1.00000 1.00000
11 1.00000 1.00000
10 1.00000 1.00000
8 0.00005 1.00000
5 0.83333 1.00000
10 0.90909 1.00000
3 1.00000 1.00000
11 0.78571 1.00000
10 0.90909 1.00000
8 1.00000 1.00000
7 1.00000 1.00000
6 1.00000 1.00000
6 1.00000 0.83333
5 0.62500 1.00000
5 1.00000 1.00000
4 1.00000 1.00000
4 1.00000 1.00000
4 1.00000 1.00000
4 1.00000 1.00000
3 1.00000 1.00000
21 0.24706 1.00000
3 1.00000 1.00000
34 0.96154 0.73529
16 1.00000 1.00000
16 1.00000 1.00000
14 1.00000 0.78571
13 1.00000 1.00000
13 1.00000 0.84615
11 1.00000 1.00000
10 1.00000 1.00000
8 1.00000 0.50000
8 0.88889 1.00000
6 1.00000 1.00000
6 1.00000 1.00000
5 1.00000 1.00000
4 1.00000 1.00000
4 1.00000 1.00000
3 1.00000 1.00000
3 1.00000 1.00000
7 1.00000 1.00000
3 1.00000 1.00000
9 0.81818 1.00000
4 1.00000 1.00000
3 1.00000 1.00000
26 0.92593 0.96154
49 1.00000 0.40816
47 1.00000 0.38298
35 1.00000 0.97143
34 1.00000 0.50000
27 0.78261 0.66667
27 0.00017 1.00000
25 1.00000 0.40000
17 1.00000 0.94118
14 1.00000 1.00000
10 0.90909 1.00000
5 1.00000 1.00000
16 1.00000 1.00000
13 1.00000 1.00000
11 1.00000 1.00000
10 0.83333 1.00000
7 1.00000 1.00000
7 1.00000 1.00000
6 1.00000 1.00000
4 1.00000 1.00000
3 1.00000 1.00000
3 1.00000 1.00000
29 0.43284 1.00000
27 0.75000 1.00000
20 1.00000 0.80000
12 0.85714 1.00000
11 1.00000 0.81818
10 0.47619 1.00000
8 0.80000 1.00000
8 1.00000 0.87500
6 1.00000 1.00000
4 1.00000 1.00000
39 0.94737 0.92308
34 0.85000 0.50000
20 1.00000 0.60000
20 0.00012 0.95000
16 1.00000 1.00000
14 1.00000 1.00000
13 1.00000 0.61538
11 0.91667 1.00000
11 1.00000 0.90909
11 1.00000 0.81818
5 1.00000 1.00000
5 0.00003 1.00000
4 1.00000 1.00000
9 0.00006 1.00000
5 1.00000 1.00000
4 1.00000 1.00000
4 1.00000 1.00000
4 1.00000 1.00000
4 1.00000 1.00000
3 1.00000 1.00000
3 1.00000 1.00000
11 1.00000 0.90909
5 1.00000 1.00000
8 1.00000 1.00000
4 1.00000 1.00000
7 1.00000 1.00000
14 1.00000 1.00000
6 1.00000 0.83333
11 1.00000 1.00000
8 0.80000 1.00000
3 1.00000 1.00000
15 1.00000 0.53333
4 1.00000 1.00000
8 1.00000 1.00000
4 1.00000 1.00000
8 1.00000 1.00000
6 0.75000 1.00000
6 1.00000 0.83333
10 0.90909 1.00000
8 1.00000 1.00000
7 0.77778 1.00000
6 0.75000 1.00000
6 1.00000 0.83333
3 1.00000 1.00000
25 1.00000 0.96000
7 1.00000 1.00000
7 1.00000 1.00000
3 1.00000 1.00000
3 1.00000 1.00000
7 1.00000 1.00000
10 0.90909 1.00000
3 1.00000 1.00000
11 1.00000 1.00000
34 1.00000 1.00000
31 0.00019 1.00000
14 1.00000 1.00000
8 0.19048 1.00000
3 1.00000 1.00000
3 1.00000 1.00000
46 0.74194 1.00000
21 1.00000 1.00000
11 0.36667 1.00000
10 0.71429 1.00000
6 1.00000 1.00000
16 1.00000 1.00000
4 1.00000 1.00000
8 1.00000 1.00000
4 1.00000 1.00000
4 1.00000 1.00000
4 1.00000 1.00000
3 1.00000 1.00000
32 1.00000 0.62500
11 1.00000 1.00000
5 1.00000 1.00000
4 1.00000 1.00000
4 1.00000 1.00000
28 0.88235 0.53571
13 1.00000 0.53846
10 1.00000 0.90000
8 0.88889 1.00000
8 1.00000 0.62500
7 1.00000 0.85714
6 1.00000 1.00000
6 1.00000 1.00000
6 0.30000 1.00000
5 1.00000 1.00000
5 1.00000 1.00000
4 1.00000 1.00000
4 1.00000 1.00000
4 1.00000 1.00000
3 1.00000 1.00000
3 1.00000 1.00000
3 1.00000 1.00000
10 1.00000 1.00000
5 1.00000 1.00000
3 1.00000 1.00000
139 0.98182 0.77698
96 0.98438 0.65625
72 0.95714 0.93056
61 0.98333 0.96721
50 0.97619 0.82000
47 0.79661 1.00000
45 0.95455 0.93333
33 0.94286 1.00000
30 1.00000 0.83333
28 1.00000 0.92857
28 1.00000 0.85714
27 1.00000 1.00000
26 1.00000 0.92308
25 1.00000 1.00000
23 1.00000 1.00000
21 1.00000 0.95238
20 0.95238 1.00000
19 0.00012 1.00000
17 1.00000 1.00000
17 0.00011 1.00000
15 1.00000 0.80000
15 0.42857 1.00000
14 0.87500 1.00000
13 1.00000 1.00000
12 1.00000 1.00000
11 1.00000 1.00000
10 1.00000 1.00000
10 0.90909 1.00000
10 0.58824 1.00000
10 1.00000 1.00000
10 1.00000 1.00000
10 1.00000 1.00000
9 0.90000 1.00000
9 0.90000 1.00000
8 0.80000 1.00000
4 1.00000 1.00000
26 1.00000 0.92308
10 0.83333 1.00000
5 0.62500 1.00000
5 0.09804 1.00000
4 1.00000 1.00000
3 1.00000 1.00000
6 0.60000 1.00000
25 1.00000 0.96000
17 0.00007 0.70588
16 1.00000 1.00000
14 1.00000 1.00000
13 1.00000 1.00000
10 1.00000 1.00000
9 1.00000 1.00000
9 0.64286 1.00000
8 1.00000 1.00000
6 0.00004 1.00000
6 1.00000 1.00000
5 1.00000 1.00000
5 1.00000 1.00000
4 1.00000 1.00000
3 1.00000 1.00000
3 1.00000 1.00000
3 1.00000 1.00000
3 1.00000 1.00000
23 1.00000 1.00000
14 0.60870 1.00000
12 0.70588 1.00000
8 0.80000 1.00000
6 1.00000 1.00000
5 1.00000 1.00000
3 1.00000 1.00000
34 0.96774 0.88235
17 0.94444 1.00000
10 1.00000 1.00000
8 1.00000 1.00000
5 0.83333 1.00000
4 1.00000 1.00000
3 1.00000 1.00000
11 0.05882 1.00000
7 0.58333 1.00000
5 0.83333 1.00000
5 0.83333 1.00000
4 1.00000 1.00000
3 1.00000 1.00000
3 1.00000 1.00000
3 1.00000 1.00000
3 1.00000 1.00000
3 1.00000 1.00000
16 1.00000 1.00000
15 0.93750 1.00000
8 1.00000 1.00000
6 1.00000 1.00000
5 1.00000 1.00000
4 1.00000 1.00000
133 0.94872 0.55639
46 0.94737 0.78261
41 0.77358 1.00000
36 0.66667 1.00000
33 0.78571 1.00000
23 0.27059 1.00000
22 0.95238 0.90909
21 1.00000 1.00000
20 0.90909 1.00000
19 0.61290 1.00000
18 0.45833 0.61111
18 1.00000 0.50000
18 0.94737 1.00000
18 0.24000 1.00000
16 0.14035 1.00000
13 0.76471 1.00000
12 0.00007 1.00000
12 1.00000 1.00000
11 1.00000 1.00000
10 0.90909 1.00000
10 1.00000 1.00000
9 0.90000 1.00000
9 1.00000 1.00000
11 1.00000 1.00000
5 1.00000 1.00000
23 0.87500 0.91304
17 1.00000 0.94118
11 1.00000 1.00000
10 1.00000 1.00000
8 1.00000 1.00000
7 0.00004 1.00000
3 1.00000 1.00000
3 1.00000 1.00000
8 1.00000 1.00000
7 1.00000 1.00000
5 0.83333 1.00000
4 1.00000 1.00000
9 1.00000 1.00000
264 0.98438 0.23864
83 1.00000 0.38554
49 0.95745 0.91837
30 1.00000 0.86667
17 1.00000 0.70588
16 1.00000 0.81250
15 0.78947 1.00000
6 0.66667 1.00000
11 1.00000 0.90909
7 1.00000 0.57143
38 1.00000 0.23684
21 0.80769 1.00000
20 0.64516 1.00000
12 1.00000 0.91667
6 0.75000 1.00000
4 1.00000 1.00000
14 0.58333 1.00000
27 0.96296 0.96296
18 0.72000 1.00000
10 1.00000 1.00000
10 1.00000 1.00000
5 1.00000 1.00000
3 1.00000 1.00000
3 1.00000 1.00000
6 1.00000 1.00000
6 1.00000 1.00000
4 1.00000 1.00000
22 1.00000 0.86364
9 1.00000 0.88889
11 0.05882 1.00000
7 0.58333 1.00000
7 1.00000 1.00000
5 0.83333 1.00000
5 0.83333 1.00000
5 1.00000 1.00000
4 1.00000 1.00000
4 1.00000 1.00000
3 1.00000 1.00000
3 1.00000 1.00000
3 1.00000 1.00000
6 0.60000 1.00000
22 1.00000 0.86364
16 1.00000 0.56250
14 1.00000 0.92857
9 1.00000 0.88889
7 1.00000 1.00000
6 1.00000 1.00000
4 1.00000 1.00000
3 1.00000 1.00000
4 1.00000 1.00000
3 1.00000 1.00000
13 1.00000 1.00000
5 1.00000 1.00000
3 1.00000 1.00000
11 1.00000 0.90909
9 1.00000 1.00000
7 1.00000 0.57143
6 1.00000 0.50000
6 1.00000 1.00000
4 1.00000 1.00000
5 1.00000 1.00000
63 0.00030 0.76190
58 0.96610 0.98276
58 0.85294 1.00000
28 0.94118 0.57143
25 0.71429 1.00000
18 0.94737 1.00000
16 0.94118 1.00000
11 1.00000 0.72727
11 1.00000 1.00000
9 0.90000 1.00000
7 1.00000 1.00000
6 0.46154 1.00000
5 1.00000 1.00000
57 1.00000 0.66667
37 0.44898 0.59459
32 1.00000 0.62500
21 0.00012 0.90476
14 0.93333 1.00000
12 1.00000 1.00000
11 1.00000 0.81818
8 0.33333 1.00000
6 1.00000 1.00000
6 1.00000 1.00000
6 1.00000 1.00000
5 1.00000 1.00000
4 1.00000 1.00000
4 1.00000 1.00000
4 1.00000 1.00000
3 1.00000 1.00000
3 1.00000 1.00000
10 1.00000 0.80000
6 1.00000 1.00000
4 1.00000 1.00000
3 1.00000 1.00000
26 0.96296 1.00000
26 1.00000 0.92308
12 0.00007 1.00000
11 1.00000 1.00000
10 1.00000 1.00000
10 0.83333 1.00000
8 1.00000 1.00000
7 1.00000 1.00000
7 0.26923 1.00000
5 0.62500 1.00000
5 0.09804 1.00000
4 1.00000 1.00000
3 1.00000 1.00000
24 0.72727 1.00000
22 0.95652 1.00000
16 0.00010 1.00000
14 1.00000 0.85714
10 0.90909 1.00000
4 1.00000 1.00000
52 1.00000 1.00000
10 0.52632 1.00000
7 0.00004 1.00000
3 1.00000 1.00000
3 1.00000 1.00000
3 1.00000 1.00000
3 1.00000 1.00000
7 0.00004 1.00000
6 1.00000 1.00000
34 0.96774 0.88235
17 0.94444 1.00000
10 1.00000 1.00000
9 1.00000 1.00000
8 1.00000 1.00000
7 1.00000 1.00000
7 1.00000 1.00000
6 1.00000 1.00000
4 1.00000 1.00000
3 1.00000 1.00000
3 1.00000 1.00000
14 0.58333 1.00000
4 1.00000 1.00000
3 1.00000 1.00000
7 1.00000 1.00000
3 1.00000 1.00000
7 1.00000 1.00000
3 1.00000 1.00000
7 1.00000 1.00000
3 1.00000 1.00000
7 1.00000 1.00000
3 1.00000 1.00000
7 1.00000 1.00000
3 1.00000 1.00000
15 0.00009 1.00000
3 1.00000 1.00000
6 1.00000 1.00000
5 1.00000 1.00000
6 1.00000 1.00000
5 1.00000 1.00000
51 0.93750 0.88235
44 0.00014 0.52273
43 0.96296 0.60465
33 0.00021 1.00000
32 0.96970 1.00000
31 1.00000 0.67742
29 0.87879 1.00000
27 1.00000 0.74074
25 0.83333 1.00000
23 1.00000 1.00000
22 0.95238 0.90909
19 0.95000 1.00000
16 0.69565 1.00000
12 0.92308 1.00000
9 1.00000 1.00000
6 1.00000 1.00000
6 1.00000 1.00000
5 1.00000 1.00000
7 1.00000 1.00000
32 1.00000 0.62500
15 1.00000 0.53333
8 1.00000 1.00000
8 0.80000 1.00000
4 1.00000 1.00000
3 1.00000 1.00000
3 1.00000 1.00000
3 1.00000 1.00000
3 1.00000 1.00000
3 1.00000 1.00000
3 1.00000 1.00000
26 0.80645 0.96154
19 1.00000 1.00000
14 1.00000 1.00000
10 0.66667 1.00000
10 1.00000 0.80000
6 1.00000 1.00000
4 1.00000 1.00000
3 1.00000 1.00000
6 0.85714 1.00000
3 1.00000 1.00000
13 0.76471 1.00000
13 1.00000 1.00000
11 1.00000 1.00000
11 1.00000 0.54545
10 1.00000 1.00000
8 1.00000 1.00000
8 1.00000 1.00000
7 1.00000 1.00000
7 1.00000 1.00000
6 1.00000 0.50000
6 1.00000 1.00000
6 1.00000 1.00000
5 1.00000 1.00000
5 1.00000 1.00000
5 0.83333 1.00000
5 1.00000 1.00000
4 1.00000 1.00000
4 1.00000 1.00000
4 1.00000 1.00000
3 1.00000 1.00000
3 1.00000 1.00000
46 0.91489 0.93478
34 0.00021 1.00000
27 0.96296 0.96296
25 0.32468 1.00000
21 1.00000 0.76190
20 1.00000 1.00000
17 1.00000 0.76471
17 1.00000 0.52941
14 1.00000 0.92857
8 0.88889 1.00000
5 1.00000 1.00000
5 1.00000 1.00000
4 1.00000 1.00000
21 0.24691 0.95238
18 0.94737 1.00000
18 1.00000 0.94444
3 1.00000 1.00000
29 0.90625 1.00000
16 1.00000 1.00000
13 1.00000 1.00000
11 1.00000 1.00000
10 0.83333 1.00000
9 0.90000 1.00000
7 1.00000 1.00000
7 1.00000 1.00000
6 1.00000 1.00000
5 0.62500 1.00000
5 0.09804 1.00000
4 1.00000 1.00000
3 1.00000 1.00000
22 0.44898 1.00000
6 0.42857 1.00000
6 1.00000 1.00000
6 1.00000 1.00000
6 1.00000 1.00000
4 1.00000 1.00000
3 1.00000 1.00000
4 1.00000 1.00000
4 1.00000 1.00000
3 1.00000 1.00000
3 1.00000 1.00000
5 1.00000 1.00000
52 1.00000 1.00000
45 0.80357 1.00000
10 0.52632 1.00000
7 0.00004 1.00000
6 0.10714 1.00000
3 1.00000 1.00000
22 0.44898 1.00000
8 0.80000 1.00000
6 0.42857 1.00000
6 1.00000 1.00000
9 0.00006 1.00000
6 0.00004 1.00000
5 1.00000 1.00000
5 1.00000 1.00000
5 0.83333 1.00000
4 1.00000 1.00000
9 0.00006 1.00000
6 0.00004 1.00000
5 1.00000 1.00000
5 1.00000 1.00000
5 0.83333 1.00000
4 1.00000 1.00000
20 1.00000 0.95000
12 1.00000 1.00000
9 0.81818 1.00000
8 0.80000 1.00000
8 0.88889 1.00000
7 0.58333 1.00000
6 1.00000 1.00000
4 1.00000 1.00000
4 1.00000 1.00000
20 1.00000 0.95000
12 1.00000 1.00000
9 0.81818 1.00000
8 0.80000 1.00000
8 0.88889 1.00000
7 0.58333 1.00000
6 1.00000 1.00000
4 1.00000 1.00000
4 1.00000 1.00000
20 1.00000 0.95000
12 1.00000 1.00000
9 0.81818 1.00000
8 0.80000 1.00000
8 0.88889 1.00000
7 0.58333 1.00000
6 1.00000 1.00000
4 1.00000 1.00000
4 1.00000 1.00000
6 1.00000 1.00000
27 0.75000 1.00000
20 1.00000 0.80000
11 1.00000 0.81818
10 0.47619 1.00000
8 0.80000 1.00000
8 0.33333 1.00000
8 1.00000 0.87500
7 1.00000 1.00000
6 1.00000 1.00000
4 1.00000 1.00000
58 0.91228 0.89655
47 0.00029 1.00000
20 0.83333 1.00000
14 1.00000 1.00000
11 0.73333 1.00000
11 1.00000 1.00000
7 0.58333 1.00000
5 1.00000 1.00000
5 1.00000 1.00000
4 1.00000 1.00000
31 0.96774 0.96774
23 0.87500 0.91304
11 1.00000 1.00000
10 1.00000 1.00000
8 1.00000 1.00000
8 1.00000 1.00000
4 1.00000 1.00000
4 1.00000 1.00000
3 1.00000 1.00000
3 1.00000 1.00000
7 0.10606 1.00000
5 1.00000 1.00000
4 1.00000 1.00000
16 0.00010 1.00000
14 0.33333 1.00000
10 1.00000 1.00000
9 0.64286 1.00000
9 1.00000 1.00000
9 0.00006 1.00000
8 1.00000 1.00000
7 0.50000 1.00000
7 0.87500 1.00000
7 0.00004 1.00000
6 1.00000 0.50000
20 1.00000 1.00000
3 1.00000 1.00000
3 1.00000 1.00000
154 0.97101 0.43506
133 0.96154 0.56391
83 0.88172 0.98795
68 0.63793 0.54412
58 0.92982 0.91379
50 0.77358 0.82000
42 0.00026 1.00000
42 0.84211 0.76190
35 1.00000 0.68571
30 1.00000 0.90000
21 0.95455 1.00000
21 0.95238 0.95238
21 1.00000 1.00000
21 1.00000 0.80952
18 1.00000 0.94444
14 1.00000 1.00000
10 1.00000 1.00000
10 0.00006 1.00000
10 1.00000 1.00000
9 1.00000 1.00000
7 0.58333 1.00000
4 1.00000 1.00000
3 1.00000 1.00000
37 0.76190 0.86486
12 0.92308 1.00000
11 1.00000 1.00000
6 1.00000 1.00000
6 1.00000 1.00000
6 0.00004 1.00000
5 1.00000 1.00000
4 1.00000 1.00000
4 1.00000 1.00000
3 1.00000 1.00000
3 1.00000 1.00000
3 1.00000 1.00000
22 0.44898 1.00000
11 1.00000 1.00000
4 1.00000 1.00000
11 1.00000 1.00000
5 1.00000 1.00000
3 1.00000 1.00000
32 1.00000 0.62500
11 1.00000 1.00000
69 1.00000 0.68116
40 1.00000 0.42500
31 0.00019 0.96774
28 0.88235 0.53571
25 0.92593 1.00000
25 1.00000 0.92000
16 1.00000 1.00000
14 0.82353 1.00000
11 1.00000 0.81818
11 1.00000 1.00000
10 1.00000 1.00000
10 1.00000 0.90000
10 1.00000 1.00000
10 0.90909 1.00000
8 0.88889 1.00000
8 0.80000 1.00000
8 1.00000 0.62500
7 1.00000 1.00000
6 1.00000 1.00000
6 1.00000 1.00000
6 1.00000 0.83333
6 1.00000 1.00000
6 0.30000 1.00000
5 1.00000 1.00000
5 1.00000 1.00000
4 1.00000 1.00000
4 1.00000 1.00000
4 1.00000 1.00000
3 1.00000 1.00000
3 1.00000 1.00000
9 0.90000 1.00000
4 1.00000 1.00000
3 1.00000 1.00000
152 0.95918 0.30921
120 0.94595 0.29167
33 1.00000 0.33333
28 0.00016 0.92857
23 0.95000 0.82609
8 1.00000 1.00000
7 1.00000 1.00000
6 0.75000 1.00000
3 1.00000 1.00000
3 1.00000 1.00000
37 0.94118 0.43243
27 1.00000 1.00000
24 0.72727 1.00000
23 1.00000 1.00000
21 1.00000 0.71429
17 0.00011 1.00000
16 0.94118 1.00000
15 1.00000 0.80000
13 0.81250 1.00000
11 1.00000 0.90909
11 1.00000 1.00000
9 0.52941 1.00000
5 1.00000 1.00000
4 1.00000 1.00000
4 1.00000 1.00000
4 1.00000 1.00000
13 0.81250 1.00000
9 1.00000 1.00000
6 0.75000 1.00000
6 1.00000 0.83333
3 1.00000 1.00000
18 0.94737 1.00000
14 0.58333 1.00000
11 1.00000 1.00000
8 1.00000 1.00000
6 1.00000 1.00000
3 1.00000 1.00000
18 0.94737 1.00000
14 0.58333 1.00000
11 1.00000 1.00000
8 1.00000 1.00000
6 1.00000 1.00000
3 1.00000 1.00000
96 0.98438 0.65625
61 0.98333 0.96721
44 0.83019 1.00000
33 1.00000 1.00000
30 1.00000 0.80000
25 0.95833 0.92000
23 0.79167 0.82609
23 1.00000 1.00000
22 0.95652 1.00000
20 0.80000 1.00000
17 1.00000 1.00000
16 0.00010 1.00000
14 1.00000 0.85714
11 0.91667 1.00000
11 1.00000 1.00000
10 1.00000 1.00000
10 0.58824 1.00000
10 1.00000 1.00000
9 0.90000 1.00000
8 0.80000 1.00000
5 1.00000 1.00000
6 0.85714 1.00000
3 1.00000 1.00000
3 1.00000 1.00000
3 1.00000 1.00000
3 1.00000 1.00000
3 1.00000 1.00000
3 1.00000 1.00000
15 0.00009 1.00000
3 1.00000 1.00000
3 1.00000 1.00000
7 1.00000 1.00000
4 1.00000 1.00000
3 1.00000 1.00000
3 1.00000 1.00000
26 1.00000 0.92308
23 1.00000 0.95652
19 0.76000 1.00000
14 1.00000 0.92857
7 0.00004 1.00000
5 1.00000 1.00000
3 1.00000 1.00000
3 1.00000 1.00000
4 1.00000 1.00000
25 1.00000 0.76000
8 1.00000 1.00000
7 0.77778 1.00000
6 0.75000 1.00000
6 1.00000 0.83333
3 1.00000 1.00000
3 1.00000 1.00000
25 0.96154 1.00000
22 0.42308 1.00000
3 1.00000 1.00000
25 1.00000 0.76000
8 1.00000 1.00000
7 0.77778 1.00000
6 0.75000 1.00000
6 1.00000 0.83333
3 1.00000 1.00000
25 1.00000 0.76000
8 1.00000 1.00000
7 0.77778 1.00000
6 0.75000 1.00000
6 1.00000 0.83333
3 1.00000 1.00000
9 0.56250 1.00000
8 1.00000 1.00000
8 1.00000 1.00000
3 1.00000 1.00000
3 1.00000 1.00000
26 1.00000 1.00000
22 1.00000 0.95455
17 1.00000 1.00000
15 0.00009 1.00000
10 1.00000 1.00000
10 0.76923 1.00000
10 1.00000 1.00000
9 0.00006 1.00000
8 1.00000 1.00000
8 0.00005 1.00000
7 1.00000 0.57143
6 1.00000 0.83333
6 1.00000 1.00000
5 1.00000 1.00000
5 1.00000 1.00000
5 1.00000 1.00000
5 1.00000 1.00000
4 1.00000 1.00000
4 1.00000 1.00000
4 1.00000 1.00000
3 1.00000 1.00000
3 1.00000 1.00000
60 0.91892 0.56667
41 0.77358 1.00000
31 0.96875 1.00000
17 1.00000 0.82353
16 1.00000 1.00000
9 1.00000 1.00000
8 1.00000 1.00000
6 0.85714 1.00000
5 1.00000 1.00000
3 1.00000 1.00000
16 0.14035 1.00000
10 1.00000 1.00000
5 1.00000 1.00000
5 1.00000 1.00000
4 1.00000 1.00000
4 1.00000 1.00000
16 0.14035 1.00000
10 1.00000 1.00000
5 1.00000 1.00000
5 1.00000 1.00000
4 1.00000 1.00000
4 1.00000 1.00000
3 1.00000 1.00000
3 1.00000 1.00000
3 1.00000 1.00000
3 1.00000 1.00000
31 0.96875 1.00000
4 1.00000 1.00000
50 0.68421 0.52000
46 0.82000 0.89130
41 1.00000 0.29268
40 0.88636 0.97500
34 0.00011 0.50000
28 0.86667 0.92857
27 0.87097 1.00000
19 1.00000 0.63158
17 0.89474 1.00000
11 0.40741 1.00000
10 0.66667 1.00000
9 0.50000 1.00000
9 1.00000 1.00000
8 0.80000 1.00000
5 1.00000 1.00000
16 0.94118 1.00000
10 0.76923 1.00000
33 1.00000 1.00000
33 0.97059 1.00000
23 0.95652 0.95652
23 0.00014 1.00000
18 1.00000 1.00000
16 0.00010 1.00000
14 1.00000 1.00000
12 0.92308 1.00000
12 0.92308 1.00000
10 1.00000 1.00000
9 0.34615 1.00000
9 1.00000 1.00000
8 1.00000 1.00000
8 1.00000 1.00000
8 1.00000 1.00000
5 1.00000 1.00000
4 1.00000 1.00000
9 1.00000 1.00000
8 0.80000 1.00000
7 1.00000 1.00000
7 0.70000 1.00000
5 0.83333 1.00000
5 0.29412 1.00000
4 1.00000 1.00000
4 1.00000 1.00000
3 1.00000 1.00000
3 1.00000 1.00000
3 1.00000 1.00000
90 1.00000 0.76667
54 1.00000 1.00000
44 0.89474 0.77273
41 0.77358 1.00000
35 1.00000 0.68571
30 1.00000 0.90000
15 0.93750 1.00000
14 0.00009 1.00000
13 0.00008 1.00000
13 0.76471 1.00000
13 0.92857 1.00000
11 1.00000 1.00000
10 1.00000 1.00000
9 1.00000 1.00000
9 1.00000 1.00000
9 1.00000 1.00000
8 1.00000 1.00000
7 0.87500 1.00000
7 1.00000 1.00000
4 1.00000 1.00000
18 1.00000 0.66667
3 1.00000 1.00000
101 0.96970 0.31683
22 0.40000 1.00000
14 1.00000 1.00000
13 1.00000 0.92308
13 0.81250 1.00000
12 1.00000 1.00000
8 0.80000 1.00000
4 1.00000 1.00000
3 1.00000 1.00000
3 1.00000 1.00000
3 1.00000 1.00000
312 1.00000 0.20513
49 0.95745 0.91837
41 1.00000 0.48780
30 1.00000 0.86667
25 0.32468 1.00000
20 1.00000 0.95000
15 0.78947 1.00000
6 1.00000 1.00000
4 1.00000 1.00000
3 1.00000 1.00000
21 0.94444 0.80952
12 1.00000 1.00000
11 1.00000 0.90909
10 0.90909 1.00000
10 0.83333 1.00000
8 1.00000 1.00000
4 1.00000 1.00000
4 1.00000 1.00000
4 1.00000 1.00000
3 1.00000 1.00000
3 1.00000 1.00000
3 1.00000 1.00000
3 1.00000 1.00000
3 1.00000 1.00000
3 1.00000 1.00000
3 1.00000 1.00000
16 1.00000 0.93750
10 1.00000 1.00000
9 0.90000 1.00000
6 1.00000 1.00000
5 0.55556 1.00000
3 1.00000 1.00000
3 1.00000 1.00000
12 1.00000 1.00000
5 0.83333 1.00000
4 1.00000 1.00000
3 1.00000 1.00000
6 1.00000 1.00000
129 0.95714 0.51938
100 1.00000 0.64000
65 0.00031 0.76923
62 1.00000 0.96774
59 0.98305 0.98305
58 0.85294 1.00000
54 0.84615 0.61111
49 0.86792 0.93878
46 0.97727 0.93478
39 0.94118 0.41026
35 0.92308 0.34286
33 1.00000 1.00000
33 0.94286 1.00000
33 1.00000 0.60606
30 1.00000 0.80000
30 1.00000 0.83333
28 0.94118 0.57143
27 1.00000 0.88889
27 1.00000 1.00000
26 1.00000 0.57692
25 1.00000 1.00000
23 0.79167 0.82609
23 1.00000 1.00000
22 0.95652 1.00000
21 1.00000 0.33333
19 0.00012 1.00000
19 1.00000 1.00000
17 1.00000 1.00000
17 1.00000 1.00000
17 0.00011 1.00000
15 0.42857 1.00000
12 1.00000 1.00000
11 1.00000 1.00000
11 1.00000 1.00000
10 0.58824 1.00000
10 1.00000 1.00000
9 0.90000 1.00000
9 1.00000 1.00000
9 0.90000 1.00000
9 0.90000 1.00000
8 0.80000 1.00000
7 1.00000 1.00000
5 1.00000 1.00000
5 1.00000 1.00000
5 1.00000 1.00000
19 0.94737 0.94737
14 0.58333 1.00000
11 1.00000 1.00000
9 1.00000 0.88889
6 1.00000 1.00000
19 0.94737 0.94737
14 0.58333 1.00000
11 1.00000 1.00000
9 1.00000 0.88889
6 1.00000 1.00000
11 1.00000 1.00000
10 0.00006 0.90000
8 1.00000 1.00000
6 1.00000 1.00000
4 1.00000 1.00000
4 1.00000 1.00000
3 1.00000 1.00000
11 1.00000 1.00000
10 0.00006 0.90000
8 1.00000 1.00000
6 1.00000 1.00000
4 1.00000 1.00000
4 1.00000 1.00000
3 1.00000 1.00000
11 1.00000 1.00000
10 0.00006 0.90000
8 1.00000 1.00000
6 1.00000 1.00000
4 1.00000 1.00000
4 1.00000 1.00000
3 1.00000 1.00000
3 1.00000 1.00000
3 1.00000 1.00000
11 1.00000 1.00000
10 0.00006 0.90000
8 1.00000 1.00000
6 1.00000 1.00000
4 1.00000 1.00000
4 1.00000 1.00000
3 1.00000 1.00000
8 0.36364 1.00000
7 0.00004 1.00000
15 0.75000 1.00000
5 1.00000 1.00000
4 1.00000 1.00000
8 1.00000 1.00000
8 1.00000 1.00000
8 1.00000 1.00000
6 0.66667 1.00000
4 1.00000 1.00000
4 1.00000 1.00000
3 1.00000 1.00000
3 1.00000 1.00000
3 1.00000 1.00000
9 1.00000 1.00000
8 0.36364 1.00000
7 0.00004 1.00000
24 0.00015 1.00000
22 0.94444 0.77273
17 1.00000 0.94118
14 1.00000 0.57143
11 1.00000 1.00000
11 1.00000 0.90909
10 0.83333 1.00000
6 1.00000 0.83333
5 0.83333 1.00000
4 1.00000 1.00000
4 1.00000 1.00000
4 1.00000 1.00000
4 1.00000 1.00000
3 1.00000 1.00000
3 1.00000 1.00000
3 1.00000 1.00000
3 1.00000 1.00000
20 1.00000 1.00000
3 1.00000 1.00000
3 1.00000 1.00000
3 1.00000 1.00000
3 1.00000 1.00000
11 1.00000 1.00000
10 0.00006 0.90000
8 1.00000 1.00000
6 1.00000 1.00000
4 1.00000 1.00000
4 1.00000 1.00000
3 1.00000 1.00000
37 0.96296 0.70270
14 0.58333 1.00000
9 0.90000 1.00000
9 1.00000 1.00000
7 0.00004 1.00000
6 1.00000 1.00000
4 1.00000 1.00000
8 1.00000 1.00000
4 1.00000 1.00000
3 1.00000 1.00000
18 1.00000 0.83333
6 1.00000 1.00000
4 1.00000 1.00000
19 0.76000 1.00000
11 1.00000 1.00000
9 1.00000 1.00000
7 1.00000 1.00000
6 1.00000 1.00000
5 0.83333 1.00000
4 1.00000 1.00000
4 1.00000 1.00000
4 1.00000 1.00000
3 1.00000 1.00000
3 1.00000 1.00000
3 1.00000 1.00000
3 1.00000 1.00000
8 1.00000 1.00000
4 1.00000 1.00000
3 1.00000 1.00000
26 1.00000 0.92308
19 0.76000 1.00000
14 1.00000 0.92857
11 1.00000 1.00000
8 1.00000 1.00000
7 0.00004 1.00000
7 1.00000 1.00000
5 1.00000 1.00000
4 1.00000 1.00000
3 1.00000 1.00000
3 1.00000 1.00000
3 1.00000 1.00000
69 1.00000 0.68116
40 1.00000 0.42500
25 1.00000 0.92000
24 1.00000 0.87500
17 1.00000 0.94118
17 0.00007 0.70588
15 1.00000 0.53333
14 1.00000 1.00000
13 1.00000 1.00000
12 1.00000 1.00000
11 1.00000 0.90909
11 1.00000 0.81818
10 1.00000 1.00000
10 0.90909 1.00000
10 1.00000 0.90000
9 0.90000 1.00000
9 0.64286 1.00000
8 1.00000 1.00000
7 1.00000 1.00000
6 1.00000 0.83333
6 1.00000 1.00000
6 1.00000 1.00000
6 1.00000 0.83333
6 0.30000 1.00000
5 1.00000 1.00000
5 1.00000 1.00000
5 1.00000 1.00000
5 0.45455 1.00000
4 1.00000 1.00000
4 1.00000 1.00000
4 1.00000 1.00000
3 1.00000 1.00000
3 1.00000 1.00000
3 1.00000 1.00000
3 1.00000 1.00000
5 1.00000 1.00000
47 1.00000 1.00000
32 0.96296 0.81250
28 1.00000 0.60714
26 1.00000 1.00000
25 0.96154 1.00000
25 1.00000 0.76000
22 0.52381 0.50000
19 1.00000 0.57895
16 1.00000 0.93750
15 0.00009 1.00000
14 0.93333 1.00000
14 1.00000 1.00000
12 1.00000 1.00000
12 0.92308 1.00000
11 1.00000 1.00000
11 1.00000 1.00000
11 1.00000 0.54545
11 1.00000 0.90909
10 1.00000 1.00000
10 1.00000 1.00000
10 0.76923 1.00000
9 0.69231 1.00000
8 1.00000 1.00000
7 0.87500 1.00000
7 1.00000 1.00000
7 1.00000 0.57143
6 0.28571 1.00000
6 1.00000 1.00000
6 0.12000 1.00000
5 1.00000 1.00000
5 1.00000 1.00000
5 1.00000 1.00000
5 1.00000 1.00000
5 1.00000 1.00000
4 1.00000 1.00000
4 1.00000 1.00000
4 1.00000 1.00000
4 1.00000 1.00000
4 1.00000 1.00000
4 1.00000 1.00000
3 1.00000 1.00000
3 1.00000 1.00000
3 1.00000 1.00000
3 1.00000 1.00000
3 1.00000 1.00000
3 1.00000 1.00000
3 1.00000 1.00000
9 1.00000 1.00000
4 1.00000 1.00000
9 1.00000 1.00000
4 1.00000 1.00000
21 0.24706 1.00000
18 1.00000 1.00000
15 0.00009 1.00000
9 1.00000 1.00000
8 0.80000 1.00000
4 1.00000 1.00000
6 1.00000 1.00000
3 1.00000 1.00000
17 1.00000 1.00000
15 0.00009 1.00000
5 1.00000 1.00000
3 1.00000 1.00000
32 1.00000 0.62500
16 1.00000 1.00000
16 1.00000 1.00000
15 0.93750 1.00000
8 0.80000 1.00000
6 0.42857 1.00000
6 1.00000 1.00000
6 1.00000 1.00000
6 1.00000 1.00000
4 1.00000 1.00000
3 1.00000 1.00000
3 1.00000 1.00000
140 0.96154 0.53571
42 0.00026 1.00000
35 1.00000 0.68571
28 0.93103 0.96429
21 0.95455 1.00000
21 1.00000 1.00000
21 1.00000 0.90476
20 0.83333 1.00000
19 0.94737 0.94737
15 0.20755 0.73333
14 0.87500 1.00000
14 1.00000 1.00000
9 1.00000 1.00000
9 1.00000 1.00000
7 0.58333 1.00000
7 1.00000 1.00000
5 1.00000 1.00000
4 1.00000 1.00000
3 1.00000 1.00000
3 1.00000 1.00000
6 1.00000 1.00000
28 0.47273 0.92857
26 1.00000 0.92308
26 0.72222 1.00000
25 1.00000 1.00000
17 1.00000 0.88235
16 1.00000 1.00000
16 1.00000 1.00000
16 1.00000 0.93750
14 0.82353 1.00000
13 1.00000 1.00000
13 1.00000 0.84615
11 1.00000 1.00000
11 0.00007 1.00000
10 1.00000 0.90000
10 1.00000 1.00000
10 0.83333 1.00000
8 1.00000 1.00000
8 1.00000 1.00000
8 1.00000 0.50000
7 1.00000 1.00000
7 1.00000 1.00000
7 1.00000 1.00000
7 1.00000 1.00000
6 0.00004 1.00000
6 1.00000 1.00000
6 1.00000 1.00000
6 1.00000 1.00000
6 0.03061 1.00000
5 1.00000 1.00000
4 1.00000 1.00000
4 1.00000 1.00000
4 1.00000 1.00000
4 1.00000 1.00000
4 1.00000 1.00000
3 1.00000 1.00000
3 1.00000 1.00000
3 1.00000 1.00000
3 1.00000 1.00000
3 1.00000 1.00000
3 1.00000 1.00000
3 1.00000 1.00000
4 1.00000 1.00000
4 1.00000 1.00000
3 1.00000 1.00000
18 1.00000 0.61111
7 1.00000 1.00000
4 1.00000 1.00000
3 1.00000 1.00000
3 1.00000 1.00000
3 1.00000 1.00000
3 1.00000 1.00000
3 1.00000 1.00000
3 1.00000 1.00000
3 1.00000 1.00000
14 0.66667 1.00000
34 1.00000 1.00000
31 0.00019 1.00000
17 1.00000 0.82353
14 1.00000 1.00000
11 1.00000 1.00000
7 1.00000 1.00000
6 1.00000 0.83333
6 0.85714 1.00000
4 1.00000 1.00000
3 1.00000 1.00000
3 1.00000 1.00000
3 1.00000 1.00000
3 1.00000 1.00000
3 1.00000 1.00000
23 1.00000 0.69565
19 1.00000 0.63158
12 1.00000 0.83333
76 0.94444 0.44737
28 1.00000 0.39286
10 1.00000 0.50000
10 0.83333 1.00000
9 1.00000 1.00000
9 1.00000 1.00000
9 0.19149 1.00000
6 1.00000 1.00000
5 1.00000 1.00000
4 1.00000 1.00000
52 1.00000 1.00000
37 0.96296 0.70270
25 0.96154 1.00000
11 1.00000 1.00000
9 0.90000 1.00000
7 0.00004 1.00000
6 1.00000 1.00000
6 0.10714 1.00000
3 1.00000 1.00000
3 1.00000 1.00000
3 1.00000 1.00000
3 1.00000 1.00000
3 1.00000 1.00000
52 1.00000 1.00000
37 0.96296 0.70270
25 0.96154 1.00000
10 1.00000 0.80000
9 0.90000 1.00000
7 0.00004 1.00000
6 1.00000 1.00000
6 0.10714 1.00000
3 1.00000 1.00000
3 1.00000 1.00000
3 1.00000 1.00000
3 1.00000 1.00000
3 1.00000 1.00000
52 1.00000 1.00000
37 0.96296 0.70270
25 0.96154 1.00000
10 1.00000 0.80000
9 0.90000 1.00000
7 0.00004 1.00000
6 1.00000 1.00000
6 0.10714 1.00000
3 1.00000 1.00000
3 1.00000 1.00000
3 1.00000 1.00000
3 1.00000 1.00000
3 1.00000 1.00000
15 0.75000 1.00000
10 1.00000 1.00000
8 1.00000 1.00000
7 1.00000 1.00000
5 1.00000 1.00000
4 1.00000 1.00000
3 1.00000 1.00000
3 1.00000 1.00000
52 1.00000 1.00000
37 0.96296 0.70270
25 0.96154 1.00000
10 1.00000 0.80000
9 0.90000 1.00000
7 0.00004 1.00000
6 1.00000 1.00000
6 0.10714 1.00000
3 1.00000 1.00000
3 1.00000 1.00000
3 1.00000 1.00000
3 1.00000 1.00000
3 1.00000 1.00000
9 0.81818 1.00000
4 1.00000 1.00000
3 1.00000 1.00000
3 1.00000 1.00000
8 0.88889 1.00000
6 0.85714 1.00000
4 1.00000 1.00000
3 1.00000 1.00000
3 1.00000 1.00000
3 1.00000 1.00000
61 1.00000 0.62295
37 0.44898 0.59459
34 0.85000 0.50000
32 1.00000 0.62500
25 1.00000 0.96000
21 1.00000 0.57143
21 0.00012 0.90476
20 0.00012 0.95000
16 1.00000 1.00000
16 1.00000 1.00000
14 1.00000 1.00000
14 0.93333 1.00000
11 1.00000 0.90909
11 1.00000 0.81818
8 1.00000 1.00000
8 0.33333 1.00000
7 1.00000 1.00000
6 1.00000 1.00000
6 0.23077 1.00000
6 1.00000 1.00000
5 1.00000 1.00000
5 1.00000 1.00000
4 1.00000 1.00000
3 1.00000 1.00000
3 1.00000 1.00000
3 1.00000 1.00000
6 1.00000 1.00000
3 1.00000 1.00000
61 1.00000 0.62295
37 0.44898 0.59459
34 0.85000 0.50000
32 1.00000 0.62500
25 1.00000 0.96000
21 1.00000 0.57143
21 0.00012 0.90476
20 0.00012 0.95000
16 1.00000 1.00000
16 1.00000 1.00000
14 1.00000 1.00000
14 0.93333 1.00000
11 1.00000 0.90909
11 1.00000 0.81818
8 1.00000 1.00000
8 0.33333 1.00000
7 1.00000 1.00000
6 1.00000 1.00000
6 0.23077 1.00000
6 1.00000 1.00000
5 1.00000 1.00000
5 1.00000 1.00000
4 1.00000 1.00000
3 1.00000 1.00000
3 1.00000 1.00000
3 1.00000 1.00000
8 1.00000 1.00000
6 1.00000 1.00000
6 0.00004 1.00000
6 0.00004 1.00000
9 0.90000 1.00000
4 1.00000 1.00000
4 1.00000 1.00000
3 1.00000 1.00000
3 1.00000 1.00000
8 0.80000 1.00000
6 1.00000 1.00000
3 1.00000 1.00000
3 1.00000 1.00000
20 1.00000 0.95000
19 0.94737 0.94737
14 0.58333 1.00000
12 1.00000 1.00000
11 1.00000 1.00000
11 1.00000 1.00000
10 0.00006 0.90000
9 1.00000 0.88889
9 0.81818 1.00000
8 1.00000 1.00000
8 0.88889 1.00000
7 0.58333 1.00000
6 1.00000 1.00000
6 0.85714 1.00000
6 1.00000 1.00000
6 1.00000 1.00000
5 1.00000 1.00000
4 1.00000 1.00000
4 1.00000 1.00000
4 1.00000 1.00000
3 1.00000 1.00000
20 1.00000 0.95000
19 0.94737 0.94737
14 0.58333 1.00000
12 1.00000 1.00000
11 1.00000 1.00000
11 1.00000 1.00000
10 0.00006 0.90000
9 1.00000 0.88889
9 0.81818 1.00000
8 1.00000 1.00000
8 0.88889 1.00000
7 0.58333 1.00000
6 1.00000 1.00000
6 0.85714 1.00000
6 1.00000 1.00000
6 1.00000 1.00000
5 1.00000 1.00000
4 1.00000 1.00000
4 1.00000 1.00000
4 1.00000 1.00000
3 1.00000 1.00000
8 0.80000 1.00000
6 1.00000 1.00000
3 1.00000 1.00000
3 1.00000 1.00000
62 0.91176 1.00000
13 1.00000 0.53846
10 1.00000 0.90000
9 0.00006 1.00000
9 1.00000 0.88889
8 1.00000 1.00000
8 1.00000 0.62500
7 1.00000 1.00000
7 1.00000 0.85714
7 0.58333 1.00000
7 1.00000 1.00000
7 1.00000 1.00000
6 1.00000 1.00000
6 1.00000 1.00000
6 0.60000 1.00000
6 1.00000 1.00000
6 0.85714 1.00000
6 1.00000 1.00000
6 0.30000 1.00000
6 1.00000 1.00000
5 0.83333 1.00000
5 1.00000 1.00000
5 1.00000 1.00000
5 0.83333 1.00000
5 1.00000 1.00000
5 0.31250 1.00000
5 1.00000 1.00000
5 1.00000 1.00000
4 1.00000 1.00000
4 1.00000 1.00000
4 1.00000 1.00000
4 1.00000 1.00000
4 1.00000 1.00000
4 1.00000 1.00000
4 1.00000 1.00000
4 1.00000 1.00000
4 1.00000 1.00000
4 1.00000 1.00000
4 1.00000 1.00000
4 1.00000 1.00000
4 1.00000 1.00000
3 1.00000 1.00000
3 1.00000 1.00000
3 1.00000 1.00000
3 1.00000 1.00000
3 1.00000 1.00000
3 1.00000 1.00000
3 1.00000 1.00000
3 1.00000 1.00000
3 1.00000 1.00000
3 1.00000 1.00000
3 1.00000 1.00000
3 1.00000 1.00000
3 1.00000 1.00000
22 1.00000 0.95455
12 0.92308 1.00000
10 0.76923 1.00000
3 1.00000 1.00000
3 1.00000 1.00000
3 1.00000 1.00000
3 1.00000 1.00000
3 1.00000 1.00000
11 1.00000 1.00000
11 1.00000 1.00000
10 0.00006 0.90000
9 1.00000 1.00000
8 1.00000 1.00000
8 1.00000 1.00000
7 1.00000 1.00000
7 1.00000 1.00000
6 1.00000 1.00000
6 1.00000 1.00000
5 0.83333 1.00000
4 1.00000 1.00000
4 1.00000 1.00000
4 1.00000 1.00000
4 1.00000 1.00000
4 1.00000 1.00000
4 1.00000 1.00000
3 1.00000 1.00000
3 1.00000 1.00000
3 1.00000 1.00000
3 1.00000 1.00000
3 1.00000 1.00000
3 1.00000 1.00000
11 1.00000 1.00000
11 1.00000 1.00000
10 0.00006 0.90000
9 1.00000 1.00000
8 1.00000 1.00000
8 1.00000 1.00000
7 1.00000 1.00000
7 1.00000 1.00000
6 1.00000 1.00000
6 1.00000 1.00000
5 0.83333 1.00000
4 1.00000 1.00000
4 1.00000 1.00000
4 1.00000 1.00000
4 1.00000 1.00000
4 1.00000 1.00000
4 1.00000 1.00000
3 1.00000 1.00000
3 1.00000 1.00000
3 1.00000 1.00000
3 1.00000 1.00000
3 1.00000 1.00000
3 1.00000 1.00000
18 1.00000 0.66667
8 0.80000 1.00000
6 1.00000 1.00000
3 1.00000 1.00000
3 1.00000 1.00000
3 1.00000 1.00000
3 1.00000 1.00000
62 0.91176 1.00000
13 1.00000 0.53846
10 1.00000 0.90000
9 0.00006 1.00000
9 1.00000 0.88889
8 0.80000 1.00000
8 0.00005 1.00000
8 1.00000 1.00000
8 1.00000 0.62500
7 0.00004 1.00000
7 1.00000 1.00000
7 1.00000 1.00000
7 0.26923 1.00000
7 1.00000 0.85714
7 0.58333 1.00000
7 1.00000 1.00000
7 0.70000 1.00000
7 1.00000 1.00000
6 1.00000 1.00000
6 1.00000 1.00000
6 0.60000 1.00000
6 1.00000 1.00000
6 0.85714 1.00000
6 1.00000 1.00000
6 0.30000 1.00000
6 1.00000 1.00000
5 0.83333 1.00000
5 1.00000 1.00000
5 1.00000 1.00000
5 0.83333 1.00000
5 1.00000 1.00000
5 0.31250 1.00000
5 1.00000 1.00000
5 1.00000 1.00000
4 1.00000 1.00000
4 1.00000 1.00000
4 1.00000 1.00000
4 1.00000 1.00000
4 1.00000 1.00000
4 1.00000 1.00000
4 1.00000 1.00000
4 1.00000 1.00000
4 1.00000 1.00000
4 1.00000 1.00000
4 1.00000 1.00000
4 1.00000 1.00000
4 1.00000 1.00000
4 1.00000 1.00000
4 1.00000 1.00000
3 1.00000 1.00000
3 1.00000 1.00000
3 1.00000 1.00000
3 1.00000 1.00000
3 1.00000 1.00000
3 1.00000 1.00000
3 1.00000 1.00000
3 1.00000 1.00000
3 1.00000 1.00000
3 1.00000 1.00000
3 1.00000 1.00000
3 1.00000 1.00000
3 1.00000 1.00000
3 1.00000 1.00000
3 1.00000 1.00000
18 1.00000 0.83333
9 1.00000 1.00000
6 1.00000 1.00000
4 1.00000 1.00000
3 1.00000 1.00000
3 1.00000 1.00000
51 0.86441 1.00000
41 0.90909 0.97561
34 0.00011 0.50000
32 1.00000 0.96875
28 0.86667 0.92857
22 1.00000 0.86364
20 0.66667 1.00000
20 1.00000 0.60000
18 1.00000 1.00000
18 0.54839 0.94444
11 1.00000 0.81818
10 0.66667 1.00000
9 0.50000 1.00000
9 0.90000 1.00000
9 1.00000 1.00000
8 1.00000 1.00000
7 1.00000 1.00000
7 1.00000 1.00000
6 1.00000 1.00000
6 1.00000 1.00000
5 1.00000 1.00000
5 1.00000 1.00000
114 1.00000 0.22807
26 1.00000 0.53846
22 0.95238 0.90909
17 1.00000 1.00000
16 1.00000 0.93750
12 0.85714 1.00000
10 1.00000 1.00000
9 1.00000 1.00000
6 1.00000 1.00000
6 0.85714 1.00000
5 0.55556 1.00000
5 1.00000 1.00000
5 1.00000 1.00000
4 1.00000 1.00000
4 1.00000 1.00000
3 1.00000 1.00000
3 1.00000 1.00000
49 1.00000 0.48980
42 1.00000 0.23810
42 1.00000 0.97619
37 0.95833 0.62162
27 0.94444 0.62963
26 1.00000 1.00000
25 1.00000 0.96000
24 1.00000 0.62500
21 1.00000 0.57143
20 0.00012 0.95000
18 1.00000 0.94444
16 1.00000 1.00000
16 1.00000 1.00000
12 1.00000 1.00000
10 1.00000 1.00000
8 1.00000 1.00000
8 0.33333 1.00000
7 1.00000 1.00000
7 0.00004 1.00000
6 1.00000 1.00000
6 1.00000 1.00000
6 0.10714 1.00000
5 1.00000 1.00000
4 1.00000 1.00000
3 1.00000 1.00000
3 1.00000 1.00000
3 1.00000 1.00000
3 1.00000 1.00000
3 1.00000 1.00000
113 1.00000 0.51327
42 0.00026 1.00000
22 0.91667 1.00000
21 0.95455 1.00000
21 1.00000 0.90476
20 1.00000 0.95000
18 1.00000 0.94444
17 1.00000 0.82353
15 0.00009 1.00000
14 1.00000 1.00000
11 1.00000 1.00000
10 1.00000 1.00000
10 0.00006 1.00000
10 1.00000 1.00000
9 1.00000 1.00000
9 1.00000 1.00000
7 1.00000 0.85714
7 0.87500 1.00000
6 1.00000 1.00000
6 0.46154 1.00000
6 0.28571 1.00000
5 1.00000 1.00000
4 1.00000 1.00000
4 1.00000 1.00000
3 1.00000 1.00000
3 1.00000 1.00000
31 0.96875 1.00000
9 1.00000 0.88889
4 1.00000 1.00000
3 1.00000 1.00000
328 0.94828 0.16768
48 1.00000 0.97917
20 1.00000 0.95000
19 0.94737 0.94737
18 1.00000 0.66667
14 0.58333 1.00000
11 1.00000 1.00000
11 1.00000 1.00000
11 1.00000 1.00000
10 0.00006 0.90000
9 1.00000 1.00000
9 1.00000 0.88889
9 0.81818 1.00000
8 1.00000 1.00000
8 0.80000 1.00000
8 0.88889 1.00000
8 1.00000 1.00000
7 0.58333 1.00000
7 1.00000 1.00000
7 1.00000 1.00000
6 1.00000 1.00000
6 1.00000 1.00000
6 1.00000 1.00000
6 1.00000 1.00000
6 1.00000 1.00000
5 0.83333 1.00000
5 1.00000 1.00000
4 1.00000 1.00000
4 1.00000 1.00000
4 1.00000 1.00000
4 1.00000 1.00000
4 1.00000 1.00000
4 1.00000 1.00000
3 1.00000 1.00000
3 1.00000 1.00000
3 1.00000 1.00000
3 1.00000 1.00000
3 1.00000 1.00000
3 1.00000 1.00000
3 1.00000 1.00000
3 1.00000 1.00000
3 1.00000 1.00000
3 1.00000 1.00000
328 0.94828 0.16768
48 1.00000 0.97917
20 1.00000 0.95000
19 0.94737 0.94737
18 1.00000 0.66667
14 0.58333 1.00000
11 1.00000 1.00000
11 1.00000 1.00000
11 1.00000 1.00000
10 0.00006 0.90000
9 1.00000 1.00000
9 1.00000 0.88889
9 0.81818 1.00000
8 1.00000 1.00000
8 0.80000 1.00000
8 0.88889 1.00000
8 1.00000 1.00000
7 0.58333 1.00000
7 1.00000 1.00000
7 1.00000 1.00000
6 1.00000 1.00000
6 1.00000 1.00000
6 1.00000 1.00000
6 1.00000 1.00000
6 1.00000 1.00000
5 0.83333 1.00000
5 1.00000 1.00000
4 1.00000 1.00000
4 1.00000 1.00000
4 1.00000 1.00000
4 1.00000 1.00000
4 1.00000 1.00000
4 1.00000 1.00000
3 1.00000 1.00000
3 1.00000 1.00000
3 1.00000 1.00000
3 1.00000 1.00000
3 1.00000 1.00000
3 1.00000 1.00000
3 1.00000 1.00000
3 1.00000 1.00000
3 1.00000 1.00000
3 1.00000 1.00000
41 0.94118 0.39024
34 0.96774 0.88235
17 1.00000 0.94118
16 1.00000 0.56250
15 1.00000 0.53333
15 0.90909 0.66667
14 1.00000 0.92857
14 1.00000 1.00000
13 0.76471 1.00000
12 1.00000 1.00000
11 0.00007 1.00000
11 1.00000 1.00000
10 1.00000 1.00000
10 1.00000 0.90000
10 0.83333 1.00000
9 1.00000 1.00000
9 0.64286 1.00000
9 1.00000 1.00000
9 1.00000 0.88889
9 0.00006 1.00000
8 1.00000 1.00000
7 1.00000 1.00000
6 1.00000 1.00000
6 1.00000 1.00000
6 1.00000 0.83333
6 1.00000 1.00000
6 0.00004 1.00000
5 1.00000 1.00000
5 1.00000 1.00000
4 1.00000 1.00000
4 1.00000 1.00000
4 1.00000 1.00000
3 1.00000 1.00000
3 1.00000 1.00000
3 1.00000 1.00000
3 1.00000 1.00000
3 1.00000 1.00000
3 1.00000 1.00000
3 1.00000 1.00000
3 1.00000 1.00000
3 1.00000 1.00000
3 1.00000 1.00000
41 0.94118 0.39024
35 0.96774 0.85714
17 1.00000 0.94118
16 1.00000 0.56250
15 0.90909 0.66667
14 1.00000 0.92857
14 1.00000 1.00000
13 0.76471 1.00000
12 1.00000 1.00000
12 1.00000 0.83333
11 0.00007 1.00000
11 1.00000 1.00000
10 1.00000 1.00000
10 1.00000 0.90000
10 0.83333 1.00000
9 1.00000 1.00000
9 0.64286 1.00000
9 1.00000 1.00000
9 1.00000 0.88889
9 0.00006 1.00000
8 1.00000 1.00000
7 1.00000 0.85714
6 1.00000 1.00000
6 1.00000 0.83333
6 1.00000 1.00000
6 0.00004 1.00000
5 1.00000 1.00000
5 1.00000 1.00000
4 1.00000 1.00000
4 1.00000 1.00000
4 1.00000 1.00000
3 1.00000 1.00000
3 1.00000 1.00000
3 1.00000 1.00000
3 1.00000 1.00000
3 1.00000 1.00000
3 1.00000 1.00000
3 1.00000 1.00000
3 1.00000 1.00000
3 1.00000 1.00000
