3 1.00000 1.00000
3 1.00000 1.00000
5 1.00000 1.00000
4 1.00000 1.00000
3 1.00000 1.00000
4 1.00000 1.00000
4 1.00000 1.00000
5 1.00000 1.00000
3 1.00000 1.00000
5 1.00000 1.00000
5 1.00000 1.00000
4 1.00000 1.00000
4 1.00000 1.00000
4 1.00000 1.00000
4 1.00000 1.00000
4 1.00000 1.00000
5 1.00000 1.00000
5 1.00000 1.00000
4 1.00000 1.00000
6 1.00000 1.00000
4 1.00000 1.00000
5 1.00000 1.00000
6 1.00000 1.00000
6 1.00000 1.00000
6 1.00000 1.00000
6 1.00000 1.00000
6 1.00000 0.66667
6 1.00000 1.00000
4 1.00000 1.00000
4 1.00000 1.00000
6 1.00000 1.00000
6 1.00000 1.00000
5 1.00000 1.00000
6 0.85714 1.00000
7 0.87500 1.00000
7 0.87500 1.00000
6 1.00000 1.00000
7 0.63636 1.00000
7 1.00000 1.00000
6 1.00000 1.00000
7 1.00000 1.00000
5 1.00000 1.00000
5 1.00000 1.00000
5 1.00000 1.00000
7 1.00000 1.00000
7 0.63636 1.00000
7 1.00000 1.00000
7 1.00000 1.00000
7 1.00000 1.00000
4 1.00000 1.00000
4 1.00000 1.00000
7 1.00000 1.00000
6 1.00000 1.00000
6 1.00000 1.00000
6 1.00000 1.00000
6 1.00000 1.00000
6 1.00000 1.00000
7 1.00000 0.85714
6 0.85714 1.00000
7 1.00000 1.00000
8 1.00000 1.00000
5 1.00000 1.00000
4 1.00000 1.00000
4 1.00000 1.00000
4 1.00000 1.00000
4 1.00000 1.00000
3 1.00000 1.00000
6 1.00000 1.00000
4 1.00000 1.00000
7 1.00000 1.00000
7 1.00000 1.00000
7 1.00000 1.00000
7 1.00000 1.00000
7 1.00000 1.00000
6 1.00000 1.00000
8 1.00000 0.87500
6 1.00000 1.00000
8 1.00000 1.00000
5 1.00000 1.00000
8 1.00000 1.00000
6 1.00000 1.00000
7 1.00000 1.00000
9 1.00000 0.88889
9 1.00000 0.88889
8 1.00000 0.50000
4 1.00000 1.00000
9 1.00000 1.00000
8 0.88889 1.00000
8 1.00000 1.00000
9 1.00000 1.00000
9 0.90000 1.00000
4 1.00000 1.00000
4 1.00000 1.00000
8 1.00000 1.00000
10 1.00000 1.00000
9 1.00000 0.55556
6 1.00000 1.00000
6 1.00000 1.00000
8 1.00000 1.00000
7 1.00000 1.00000
10 1.00000 1.00000
9 0.25714 1.00000
9 1.00000 1.00000
10 0.90909 1.00000
9 1.00000 1.00000
10 1.00000 0.70000
6 1.00000 1.00000
10 1.00000 0.70000
9 0.90000 1.00000
9 1.00000 1.00000
6 1.00000 1.00000
10 1.00000 0.90000
4 1.00000 1.00000
4 1.00000 1.00000
6 1.00000 1.00000
8 1.00000 1.00000
10 1.00000 0.90000
10 1.00000 1.00000
9 1.00000 0.88889
11 1.00000 1.00000
6 1.00000 1.00000
5 1.00000 1.00000
8 0.88889 1.00000
10 1.00000 1.00000
7 1.00000 1.00000
11 1.00000 1.00000
10 0.90909 1.00000
10 0.90909 1.00000
5 1.00000 1.00000
5 1.00000 1.00000
11 1.00000 1.00000
9 1.00000 1.00000
10 1.00000 1.00000
10 1.00000 0.90000
8 1.00000 1.00000
7 0.63636 1.00000
11 1.00000 0.81818
4 1.00000 1.00000
8 1.00000 0.87500
10 1.00000 1.00000
6 1.00000 1.00000
10 1.00000 0.90000
9 1.00000 1.00000
8 1.00000 0.75000
8 1.00000 0.75000
12 1.00000 1.00000
6 1.00000 1.00000
11 1.00000 1.00000
5 1.00000 1.00000
8 1.00000 0.87500
12 1.00000 1.00000
12 1.00000 1.00000
11 1.00000 1.00000
11 1.00000 1.00000
12 0.92308 1.00000
12 0.92308 1.00000
11 1.00000 0.81818
12 1.00000 1.00000
12 0.91667 0.91667
9 1.00000 1.00000
6 1.00000 1.00000
7 1.00000 1.00000
13 1.00000 0.92308
10 0.90909 1.00000
12 1.00000 0.91667
13 1.00000 1.00000
13 1.00000 1.00000
12 1.00000 1.00000
13 1.00000 1.00000
13 1.00000 1.00000
5 1.00000 1.00000
5 1.00000 1.00000
13 0.80000 0.92308
12 1.00000 1.00000
8 1.00000 1.00000
11 1.00000 1.00000
8 1.00000 1.00000
10 1.00000 1.00000
9 1.00000 0.77778
3 1.00000 1.00000
10 1.00000 1.00000
11 1.00000 0.90909
13 1.00000 0.53846
14 0.92308 0.85714
14 0.92308 0.85714
6 1.00000 1.00000
13 0.92857 1.00000
6 1.00000 1.00000
14 0.82353 1.00000
10 1.00000 0.90000
14 0.92857 0.92857
11 1.00000 1.00000
13 0.81250 1.00000
13 0.81250 1.00000
14 0.82353 1.00000
11 1.00000 1.00000
4 1.00000 1.00000
3 1.00000 1.00000
12 1.00000 0.83333
14 1.00000 0.92857
14 1.00000 1.00000
14 0.87500 1.00000
15 1.00000 0.93333
4 1.00000 1.00000
14 1.00000 1.00000
12 1.00000 1.00000
15 1.00000 1.00000
12 0.92308 1.00000
15 0.93750 1.00000
12 0.92308 1.00000
4 1.00000 1.00000
12 0.92308 1.00000
15 1.00000 1.00000
6 1.00000 1.00000
15 0.92857 0.86667
3 1.00000 1.00000
3 1.00000 1.00000
15 1.00000 1.00000
8 0.88889 1.00000
8 0.88889 1.00000
8 0.88889 1.00000
8 1.00000 1.00000
7 0.63636 1.00000
16 1.00000 0.81250
6 1.00000 0.83333
6 1.00000 0.83333
16 1.00000 0.87500
16 1.00000 0.93750
16 1.00000 0.93750
16 0.75000 0.93750
13 0.81250 1.00000
5 1.00000 1.00000
14 1.00000 1.00000
7 1.00000 1.00000
16 0.76190 1.00000
7 1.00000 1.00000
6 1.00000 1.00000
15 1.00000 0.93333
16 0.80000 1.00000
7 1.00000 1.00000
16 1.00000 1.00000
17 0.70833 1.00000
8 1.00000 1.00000
17 1.00000 0.88235
17 1.00000 0.94118
6 1.00000 1.00000
7 1.00000 1.00000
16 1.00000 1.00000
13 0.81250 1.00000
7 0.63636 1.00000
17 1.00000 0.76471
11 0.90909 0.90909
18 1.00000 1.00000
17 0.66667 0.94118
18 0.50000 0.61111
13 0.81250 1.00000
17 1.00000 0.88235
14 0.82353 1.00000
3 1.00000 1.00000
9 1.00000 1.00000
8 0.80000 1.00000
16 1.00000 1.00000
11 1.00000 1.00000
18 1.00000 0.94444
19 1.00000 0.47368
3 1.00000 1.00000
8 1.00000 1.00000
6 1.00000 1.00000
15 0.78947 1.00000
15 1.00000 0.80000
7 0.63636 1.00000
4 1.00000 1.00000
19 0.69231 0.94737
3 1.00000 1.00000
3 1.00000 1.00000
18 0.91667 0.61111
3 1.00000 1.00000
8 0.80000 1.00000
18 0.94444 0.94444
16 0.93750 0.93750
13 0.81250 1.00000
11 1.00000 1.00000
19 1.00000 0.78947
8 1.00000 1.00000
12 1.00000 1.00000
20 1.00000 0.60000
17 1.00000 0.94118
4 1.00000 1.00000
4 1.00000 1.00000
20 1.00000 1.00000
8 1.00000 1.00000
5 1.00000 1.00000
7 1.00000 1.00000
14 1.00000 0.85714
17 1.00000 0.47059
12 1.00000 1.00000
16 1.00000 1.00000
8 0.80000 1.00000
4 1.00000 1.00000
8 1.00000 1.00000
16 1.00000 0.93750
16 1.00000 0.93750
13 1.00000 0.53846
19 1.00000 0.84211
7 0.63636 1.00000
4 1.00000 1.00000
14 1.00000 1.00000
9 1.00000 0.88889
18 0.94737 1.00000
18 0.41463 0.94444
14 1.00000 1.00000
21 1.00000 0.61905
12 1.00000 0.91667
9 0.90000 1.00000
23 1.00000 0.95652
23 1.00000 0.52174
13 1.00000 0.53846
15 1.00000 0.93333
12 1.00000 1.00000
13 0.81250 1.00000
20 1.00000 1.00000
7 1.00000 1.00000
18 1.00000 1.00000
21 0.93333 0.66667
8 1.00000 1.00000
20 1.00000 0.85000
18 1.00000 0.88889
24 0.88462 0.95833
25 0.85185 0.92000
21 1.00000 1.00000
20 0.95238 1.00000
25 1.00000 0.72000
6 1.00000 1.00000
15 1.00000 0.53333
15 1.00000 0.53333
20 0.58333 0.70000
20 0.58333 0.70000
6 1.00000 1.00000
16 1.00000 1.00000
14 1.00000 0.92857
9 1.00000 0.66667
11 1.00000 0.90909
7 0.63636 1.00000
19 0.94444 0.89474
26 1.00000 0.11538
24 1.00000 1.00000
19 0.94444 0.89474
25 1.00000 0.88000
8 0.80000 1.00000
23 0.88889 0.34783
26 1.00000 0.84615
5 1.00000 1.00000
11 1.00000 0.90909
25 1.00000 0.52000
25 1.00000 0.52000
25 1.00000 0.52000
25 1.00000 0.52000
19 0.94444 0.89474
26 0.92857 1.00000
25 1.00000 0.80000
27 1.00000 0.33333
25 1.00000 0.52000
23 0.76190 0.69565
7 1.00000 1.00000
8 0.80000 1.00000
22 1.00000 0.54545
22 1.00000 0.59091
7 1.00000 1.00000
8 1.00000 1.00000
27 1.00000 0.96296
8 1.00000 1.00000
7 1.00000 1.00000
13 1.00000 0.53846
25 1.00000 0.52000
23 1.00000 0.56522
3 1.00000 1.00000
3 1.00000 1.00000
3 1.00000 1.00000
8 0.80000 1.00000
4 1.00000 1.00000
27 0.96429 1.00000
6 1.00000 1.00000
14 1.00000 1.00000
15 1.00000 0.53333
25 1.00000 0.52000
25 1.00000 0.52000
27 1.00000 0.55556
8 0.80000 1.00000
11 1.00000 1.00000
14 0.58333 1.00000
11 1.00000 1.00000
25 1.00000 0.52000
14 0.58333 1.00000
16 1.00000 1.00000
8 1.00000 1.00000
27 1.00000 0.25926
30 1.00000 0.90000
5 1.00000 1.00000
12 1.00000 1.00000
10 0.21277 1.00000
26 0.91667 0.42308
26 0.91667 0.42308
30 1.00000 0.26667
25 1.00000 0.52000
30 0.55556 0.83333
21 1.00000 0.90476
3 1.00000 1.00000
29 1.00000 0.96552
15 1.00000 0.53333
14 0.58333 1.00000
8 1.00000 1.00000
31 1.00000 0.77419
3 1.00000 1.00000
11 1.00000 1.00000
32 1.00000 0.53125
17 1.00000 0.64706
10 0.90909 1.00000
7 1.00000 1.00000
26 1.00000 0.11538
29 0.85185 0.79310
7 1.00000 1.00000
27 1.00000 0.44444
27 1.00000 0.48148
28 1.00000 0.89286
25 1.00000 0.52000
25 1.00000 0.52000
3 1.00000 1.00000
22 1.00000 0.86364
19 0.95000 1.00000
34 1.00000 0.85294
32 0.85000 0.53125
33 1.00000 0.90909
17 1.00000 0.94118
31 1.00000 0.74194
3 1.00000 1.00000
33 1.00000 0.84848
4 1.00000 1.00000
4 1.00000 1.00000
33 1.00000 0.90909
28 1.00000 0.82143
25 1.00000 0.52000
34 1.00000 0.85294
33 0.94286 1.00000
33 0.94286 1.00000
9 0.88889 0.88889
12 1.00000 1.00000
13 0.92857 1.00000
13 0.92857 1.00000
32 1.00000 0.62500
36 0.97222 0.97222
33 1.00000 0.81818
22 0.42308 1.00000
22 0.42308 1.00000
22 0.42308 1.00000
22 0.95455 0.95455
22 0.95455 0.95455
35 1.00000 0.42857
35 1.00000 0.42857
33 0.93103 0.81818
36 1.00000 0.22222
11 1.00000 1.00000
22 1.00000 0.81818
11 1.00000 1.00000
6 1.00000 1.00000
31 1.00000 0.48387
31 1.00000 0.48387
25 1.00000 0.52000
18 0.87500 0.38889
26 0.86667 0.50000
22 0.42308 1.00000
36 1.00000 0.36111
11 1.00000 1.00000
6 0.85714 1.00000
7 1.00000 1.00000
22 0.42308 1.00000
30 1.00000 0.50000
6 0.85714 1.00000
37 0.94737 0.48649
37 0.94737 0.48649
33 1.00000 0.54545
22 0.42308 1.00000
38 1.00000 0.39474
22 0.42308 1.00000
22 0.42308 1.00000
22 0.42308 1.00000
6 1.00000 1.00000
6 1.00000 1.00000
3 1.00000 1.00000
3 1.00000 1.00000
3 1.00000 1.00000
3 1.00000 1.00000
3 1.00000 1.00000
3 1.00000 1.00000
8 1.00000 1.00000
4 1.00000 1.00000
36 1.00000 0.38889
19 0.94444 0.89474
19 0.94444 0.89474
43 1.00000 0.27907
27 0.88889 0.88889
6 1.00000 1.00000
3 1.00000 1.00000
19 0.94444 0.89474
15 1.00000 0.93333
19 0.94444 0.89474
19 1.00000 0.84211
19 0.94444 0.89474
8 0.88889 1.00000
8 0.88889 1.00000
10 0.90909 1.00000
6 1.00000 0.66667
9 0.90000 1.00000
19 0.94444 0.89474
9 0.81818 1.00000
7 1.00000 1.00000
19 0.94444 0.89474
11 0.73333 1.00000
12 1.00000 1.00000
36 0.50000 0.50000
9 0.90000 1.00000
44 0.95455 0.47727
47 0.94737 0.76596
20 1.00000 0.40000
20 1.00000 0.40000
28 1.00000 0.75000
27 0.90909 0.37037
12 1.00000 1.00000
42 1.00000 0.21429
47 0.94737 0.76596
47 0.97297 0.76596
39 1.00000 0.51282
9 1.00000 0.88889
22 0.42308 1.00000
44 1.00000 0.45455
45 1.00000 0.31111
45 0.90000 0.40000
45 0.90000 0.40000
42 1.00000 0.21429
45 0.95455 0.46667
10 0.83333 1.00000
25 1.00000 0.52000
5 1.00000 1.00000
35 0.82353 0.40000
22 1.00000 0.81818
13 1.00000 0.61538
3 1.00000 1.00000
35 0.82353 0.40000
28 1.00000 0.89286
45 1.00000 0.51111
45 1.00000 0.51111
28 1.00000 0.89286
5 1.00000 1.00000
42 1.00000 0.21429
36 0.50000 0.50000
52 1.00000 1.00000
41 0.91667 0.26829
41 0.91667 0.26829
41 1.00000 0.70732
16 1.00000 0.87500
22 0.42308 1.00000
3 1.00000 1.00000
6 1.00000 1.00000
5 1.00000 1.00000
3 1.00000 1.00000
5 1.00000 1.00000
3 1.00000 1.00000
46 1.00000 0.30435
46 1.00000 0.30435
23 0.90476 0.82609
11 1.00000 1.00000
22 1.00000 0.81818
22 0.42308 1.00000
8 1.00000 1.00000
8 1.00000 1.00000
4 1.00000 1.00000
50 1.00000 0.16000
50 1.00000 0.16000
50 0.86667 0.52000
24 0.95238 0.83333
22 0.42308 1.00000
3 1.00000 1.00000
5 1.00000 1.00000
22 0.42308 1.00000
42 1.00000 0.21429
11 1.00000 1.00000
24 0.95238 0.83333
56 1.00000 0.67857
10 1.00000 0.90000
55 1.00000 0.36364
42 1.00000 0.21429
4 1.00000 1.00000
41 1.00000 0.70732
52 0.86667 0.50000
6 1.00000 1.00000
13 1.00000 0.53846
13 0.81250 1.00000
22 0.42308 1.00000
42 1.00000 0.21429
61 0.98000 0.80328
9 1.00000 1.00000
10 1.00000 1.00000
17 1.00000 0.47059
16 0.75000 0.93750
12 1.00000 0.50000
3 1.00000 1.00000
20 0.86957 1.00000
34 1.00000 0.50000
42 1.00000 0.21429
12 1.00000 1.00000
27 1.00000 0.48148
7 1.00000 1.00000
33 1.00000 0.33333
42 1.00000 0.21429
6 1.00000 1.00000
6 1.00000 1.00000
32 1.00000 0.28125
13 1.00000 0.53846
12 1.00000 1.00000
8 1.00000 1.00000
42 1.00000 0.21429
42 1.00000 0.21429
9 0.81818 1.00000
51 0.90000 0.35294
42 1.00000 0.21429
5 1.00000 1.00000
66 1.00000 0.43939
6 1.00000 1.00000
23 1.00000 0.95652
22 0.42308 1.00000
14 0.58333 1.00000
11 1.00000 1.00000
14 0.58333 1.00000
11 1.00000 1.00000
23 1.00000 0.65217
7 1.00000 1.00000
62 1.00000 0.25806
22 1.00000 0.81818
62 1.00000 0.25806
3 1.00000 1.00000
5 1.00000 1.00000
5 1.00000 1.00000
13 0.81250 1.00000
32 1.00000 0.28125
32 1.00000 0.28125
14 0.82353 1.00000
4 1.00000 1.00000
21 1.00000 1.00000
42 1.00000 0.21429
66 1.00000 0.31818
66 1.00000 0.31818
32 1.00000 0.28125
66 1.00000 0.75758
55 1.00000 0.36364
23 1.00000 0.95652
3 1.00000 1.00000
42 1.00000 0.21429
7 1.00000 0.85714
6 1.00000 1.00000
42 1.00000 0.21429
3 1.00000 1.00000
6 0.85714 1.00000
42 1.00000 0.21429
12 1.00000 1.00000
4 1.00000 1.00000
42 1.00000 0.21429
11 1.00000 0.36364
10 0.21277 1.00000
10 0.90909 1.00000
7 0.87500 1.00000
7 0.87500 1.00000
7 0.87500 1.00000
11 1.00000 1.00000
6 1.00000 1.00000
11 1.00000 1.00000
7 1.00000 1.00000
73 1.00000 0.23288
74 1.00000 0.22973
70 0.45098 0.32857
42 1.00000 0.21429
9 1.00000 0.88889
71 1.00000 0.40845
10 1.00000 1.00000
24 0.92308 0.50000
27 1.00000 0.48148
12 0.85714 1.00000
9 1.00000 0.77778
72 1.00000 0.40278
46 1.00000 0.30435
13 1.00000 1.00000
9 1.00000 0.88889
11 1.00000 1.00000
9 0.75000 1.00000
47 0.83333 0.42553
47 0.83333 0.42553
28 1.00000 0.89286
9 1.00000 0.88889
60 1.00000 0.31667
60 1.00000 0.31667
18 1.00000 0.50000
18 1.00000 0.50000
3 1.00000 1.00000
3 1.00000 1.00000
15 1.00000 0.53333
6 1.00000 1.00000
32 1.00000 0.43750
83 0.97619 0.49398
26 0.87500 0.53846
83 0.97619 0.49398
4 1.00000 1.00000
3 1.00000 1.00000
3 1.00000 1.00000
11 1.00000 1.00000
52 1.00000 1.00000
7 1.00000 1.00000
71 1.00000 0.70423
8 1.00000 1.00000
6 1.00000 1.00000
36 0.97222 0.97222
52 1.00000 1.00000
7 1.00000 1.00000
11 1.00000 0.90909
11 1.00000 0.90909
5 1.00000 1.00000
3 1.00000 1.00000
39 1.00000 0.51282
17 1.00000 0.47059
11 1.00000 0.36364
3 1.00000 1.00000
19 0.94444 0.89474
10 1.00000 0.90000
47 0.97297 0.76596
94 1.00000 0.43617
10 1.00000 0.20000
8 1.00000 1.00000
10 1.00000 0.20000
8 1.00000 1.00000
3 1.00000 1.00000
3 1.00000 1.00000
36 1.00000 0.77778
30 1.00000 0.66667
10 1.00000 1.00000
6 0.75000 1.00000
6 0.75000 1.00000
9 1.00000 1.00000
9 1.00000 1.00000
42 1.00000 0.21429
13 1.00000 0.53846
12 1.00000 1.00000
3 1.00000 1.00000
3 1.00000 1.00000
9 1.00000 0.88889
9 0.88889 0.88889
18 1.00000 0.88889
83 0.97619 0.49398
3 1.00000 1.00000
3 1.00000 1.00000
4 1.00000 1.00000
6 1.00000 1.00000
33 1.00000 0.81818
4 1.00000 1.00000
4 1.00000 1.00000
91 0.96875 0.34066
91 0.96875 0.34066
11 1.00000 1.00000
24 0.95238 0.83333
4 1.00000 1.00000
4 1.00000 1.00000
4 1.00000 1.00000
18 1.00000 0.50000
8 0.88889 1.00000
90 1.00000 0.73333
15 1.00000 1.00000
4 1.00000 1.00000
4 1.00000 1.00000
4 1.00000 1.00000
50 1.00000 0.16000
15 0.78947 1.00000
13 1.00000 0.92308
11 0.90909 0.90909
11 1.00000 1.00000
3 1.00000 1.00000
7 1.00000 1.00000
17 1.00000 0.47059
12 0.85714 1.00000
3 1.00000 1.00000
11 1.00000 1.00000
11 1.00000 1.00000
4 1.00000 1.00000
117 0.95918 0.40171
7 1.00000 1.00000
4 1.00000 1.00000
4 1.00000 1.00000
4 1.00000 1.00000
4 1.00000 1.00000
4 1.00000 1.00000
4 1.00000 1.00000
13 1.00000 0.92308
11 1.00000 0.72727
46 1.00000 0.23913
9 0.75000 1.00000
46 1.00000 0.23913
46 1.00000 0.23913
31 1.00000 0.77419
25 0.85185 0.92000
23 0.76190 0.69565
9 1.00000 0.55556
25 1.00000 0.80000
9 1.00000 1.00000
7 1.00000 1.00000
4 1.00000 1.00000
9 1.00000 0.88889
6 1.00000 1.00000
46 1.00000 0.23913
15 0.93750 1.00000
6 0.85714 1.00000
8 1.00000 0.50000
19 0.94444 0.89474
3 1.00000 1.00000
46 1.00000 0.23913
11 1.00000 1.00000
3 1.00000 1.00000
8 0.80000 1.00000
47 1.00000 0.38298
9 0.37500 1.00000
46 1.00000 0.23913
3 1.00000 1.00000
33 0.94286 1.00000
17 1.00000 0.94118
16 1.00000 1.00000
11 1.00000 0.90909
9 0.90000 1.00000
6 1.00000 1.00000
4 1.00000 1.00000
4 1.00000 1.00000
6 1.00000 1.00000
6 1.00000 1.00000
74 1.00000 0.31081
13 0.81250 1.00000
10 1.00000 1.00000
5 1.00000 1.00000
34 1.00000 0.50000
18 1.00000 0.50000
46 1.00000 0.23913
3 1.00000 1.00000
4 1.00000 1.00000
30 1.00000 0.50000
20 0.95238 1.00000
5 1.00000 1.00000
46 1.00000 0.23913
13 0.81250 1.00000
7 0.87500 1.00000
7 0.87500 1.00000
7 0.87500 1.00000
7 0.87500 1.00000
7 0.87500 1.00000
7 0.87500 1.00000
13 0.92857 1.00000
5 1.00000 1.00000
104 0.95238 0.38462
23 1.00000 0.65217
23 1.00000 0.65217
41 1.00000 0.70732
14 1.00000 1.00000
7 1.00000 1.00000
46 1.00000 0.23913
12 1.00000 1.00000
25 1.00000 0.52000
22 0.42308 1.00000
3 1.00000 1.00000
23 1.00000 0.56522
12 1.00000 0.83333
8 1.00000 0.87500
4 1.00000 1.00000
31 1.00000 0.74194
41 1.00000 0.48780
10 1.00000 1.00000
4 1.00000 1.00000
4 1.00000 1.00000
5 1.00000 1.00000
4 1.00000 1.00000
46 1.00000 0.23913
5 1.00000 1.00000
11 1.00000 0.90909
11 1.00000 0.90909
11 1.00000 0.90909
7 1.00000 0.85714
7 1.00000 1.00000
4 1.00000 1.00000
4 1.00000 1.00000
4 1.00000 1.00000
113 1.00000 0.37168
138 0.98039 0.36232
138 0.98039 0.36232
10 1.00000 1.00000
10 0.90909 1.00000
5 1.00000 1.00000
7 0.87500 1.00000
7 0.87500 1.00000
12 1.00000 1.00000
7 0.87500 1.00000
15 1.00000 0.80000
3 1.00000 1.00000
13 1.00000 0.92308
16 0.93750 0.93750
16 0.93750 0.93750
4 1.00000 1.00000
4 1.00000 1.00000
3 1.00000 1.00000
28 1.00000 0.42857
54 1.00000 0.64815
35 1.00000 0.62857
13 0.76471 1.00000
9 1.00000 1.00000
8 1.00000 1.00000
7 0.87500 1.00000
4 1.00000 1.00000
10 0.90909 1.00000
10 0.90909 1.00000
10 0.90909 1.00000
10 0.90909 1.00000
10 0.90909 1.00000
10 0.90909 1.00000
28 0.93333 0.50000
10 1.00000 0.90000
8 1.00000 1.00000
4 1.00000 1.00000
17 1.00000 0.64706
14 1.00000 1.00000
25 1.00000 0.96000
47 1.00000 0.38298
9 1.00000 1.00000
3 1.00000 1.00000
52 1.00000 1.00000
7 1.00000 1.00000
16 1.00000 1.00000
10 1.00000 0.90000
11 1.00000 1.00000
8 1.00000 0.75000
3 1.00000 1.00000
9 1.00000 1.00000
3 1.00000 1.00000
18 0.50000 0.61111
6 1.00000 1.00000
8 1.00000 1.00000
4 1.00000 1.00000
3 1.00000 1.00000
22 0.42308 1.00000
3 1.00000 1.00000
6 1.00000 1.00000
6 0.85714 1.00000
3 1.00000 1.00000
4 1.00000 1.00000
7 0.87500 1.00000
7 0.87500 1.00000
7 0.87500 1.00000
3 1.00000 1.00000
29 0.53333 0.82759
27 0.86667 0.96296
12 0.85714 1.00000
6 1.00000 1.00000
9 1.00000 0.77778
5 1.00000 1.00000
4 1.00000 1.00000
46 1.00000 0.23913
16 1.00000 0.68750
16 1.00000 0.68750
4 1.00000 1.00000
12 0.91667 0.91667
7 1.00000 1.00000
6 0.85714 1.00000
7 1.00000 1.00000
7 1.00000 1.00000
12 1.00000 1.00000
7 0.87500 1.00000
7 1.00000 1.00000
7 1.00000 1.00000
8 0.88889 1.00000
3 1.00000 1.00000
23 1.00000 0.56522
12 1.00000 0.83333
7 1.00000 1.00000
57 1.00000 0.66667
21 1.00000 0.61905
9 1.00000 0.77778
12 0.85714 1.00000
6 1.00000 1.00000
4 1.00000 1.00000
11 0.91667 1.00000
4 1.00000 1.00000
91 0.50000 0.15385
4 1.00000 1.00000
7 1.00000 0.85714
7 1.00000 0.85714
11 1.00000 1.00000
5 1.00000 1.00000
4 1.00000 1.00000
30 1.00000 0.50000
9 1.00000 1.00000
9 1.00000 0.88889
11 1.00000 0.90909
3 1.00000 1.00000
11 1.00000 0.36364
6 1.00000 1.00000
6 0.85714 1.00000
19 1.00000 0.47368
12 1.00000 0.91667
7 1.00000 1.00000
4 1.00000 1.00000
7 1.00000 0.85714
31 1.00000 0.48387
29 0.85185 0.79310
4 1.00000 1.00000
4 1.00000 1.00000
4 1.00000 1.00000
4 1.00000 1.00000
4 1.00000 1.00000
4 1.00000 1.00000
4 1.00000 1.00000
9 1.00000 1.00000
3 1.00000 1.00000
7 1.00000 0.85714
9 0.25714 1.00000
5 1.00000 1.00000
5 1.00000 1.00000
13 0.92857 1.00000
7 1.00000 0.85714
30 1.00000 0.90000
7 1.00000 1.00000
119 1.00000 0.23529
13 1.00000 0.92308
9 1.00000 0.88889
4 1.00000 1.00000
4 1.00000 1.00000
15 1.00000 0.53333
7 1.00000 1.00000
5 1.00000 1.00000
13 1.00000 0.53846
9 1.00000 1.00000
6 1.00000 0.83333
11 1.00000 0.81818
51 1.00000 0.21569
3 1.00000 1.00000
6 1.00000 0.66667
5 1.00000 1.00000
8 1.00000 1.00000
4 1.00000 1.00000
42 0.91304 0.50000
42 0.91304 0.50000
3 1.00000 1.00000
9 1.00000 0.88889
8 0.88889 1.00000
8 0.88889 1.00000
7 1.00000 1.00000
18 1.00000 0.72222
13 1.00000 0.92308
51 1.00000 0.21569
5 1.00000 1.00000
3 1.00000 1.00000
11 1.00000 0.81818
47 1.00000 0.38298
90 1.00000 0.17778
32 0.85000 0.53125
6 1.00000 1.00000
6 1.00000 1.00000
7 1.00000 1.00000
104 0.95238 0.38462
48 1.00000 0.58333
7 1.00000 1.00000
7 1.00000 1.00000
16 1.00000 1.00000
4 1.00000 1.00000
11 1.00000 1.00000
6 1.00000 1.00000
3 1.00000 1.00000
8 1.00000 1.00000
3 1.00000 1.00000
4 1.00000 1.00000
17 0.94118 0.94118
4 1.00000 1.00000
44 1.00000 0.25000
4 1.00000 1.00000
3 1.00000 1.00000
44 1.00000 0.25000
5 1.00000 1.00000
3 1.00000 1.00000
34 1.00000 0.61765
9 1.00000 0.55556
7 1.00000 0.85714
4 1.00000 1.00000
3 1.00000 1.00000
3 1.00000 1.00000
3 1.00000 1.00000
50 0.96154 1.00000
41 0.91304 0.51220
6 1.00000 1.00000
46 0.95455 0.45652
21 1.00000 1.00000
18 1.00000 0.94444
11 1.00000 1.00000
14 0.82353 1.00000
6 0.75000 1.00000
31 1.00000 0.45161
31 1.00000 0.45161
4 1.00000 1.00000
4 1.00000 1.00000
4 1.00000 1.00000
28 0.93333 0.50000
10 1.00000 0.90000
8 1.00000 1.00000
4 1.00000 1.00000
26 1.00000 0.84615
4 1.00000 1.00000
4 1.00000 1.00000
19 1.00000 0.94737
14 1.00000 0.71429
4 1.00000 1.00000
4 1.00000 1.00000
20 0.95238 1.00000
18 1.00000 0.94444
42 1.00000 0.21429
13 0.81250 1.00000
9 0.81818 1.00000
7 1.00000 1.00000
7 1.00000 1.00000
47 1.00000 0.38298
4 1.00000 1.00000
3 1.00000 1.00000
19 1.00000 0.94737
14 1.00000 0.71429
14 0.93333 1.00000
3 1.00000 1.00000
8 1.00000 1.00000
51 0.90000 0.35294
19 0.95000 1.00000
8 0.88889 1.00000
7 0.77778 1.00000
3 1.00000 1.00000
13 1.00000 1.00000
13 1.00000 1.00000
42 1.00000 0.21429
12 1.00000 1.00000
11 1.00000 1.00000
13 1.00000 0.53846
13 1.00000 0.61538
3 1.00000 1.00000
11 1.00000 1.00000
5 1.00000 1.00000
46 1.00000 0.19565
13 1.00000 0.53846
3 1.00000 1.00000
33 1.00000 0.42424
3 1.00000 1.00000
3 1.00000 1.00000
17 1.00000 0.76471
8 0.88889 1.00000
5 1.00000 1.00000
66 1.00000 0.31818
45 0.90000 0.40000
25 1.00000 0.88000
11 1.00000 1.00000
9 1.00000 1.00000
8 0.80000 1.00000
9 1.00000 1.00000
9 1.00000 1.00000
8 1.00000 0.87500
6 1.00000 1.00000
9 1.00000 0.88889
3 1.00000 1.00000
61 0.98000 0.80328
28 1.00000 0.75000
17 1.00000 0.94118
12 1.00000 1.00000
10 1.00000 0.70000
18 1.00000 0.55556
4 1.00000 1.00000
32 1.00000 0.53125
24 1.00000 1.00000
15 1.00000 1.00000
33 1.00000 0.54545
23 1.00000 0.95652
16 0.76190 1.00000
5 1.00000 1.00000
6 1.00000 1.00000
35 0.94444 0.48571
12 1.00000 1.00000
9 1.00000 1.00000
6 1.00000 1.00000
5 1.00000 1.00000
52 1.00000 1.00000
45 1.00000 0.51111
34 1.00000 0.23529
8 1.00000 1.00000
6 1.00000 1.00000
52 1.00000 1.00000
45 1.00000 0.51111
34 1.00000 0.23529
8 1.00000 1.00000
6 1.00000 1.00000
9 1.00000 1.00000
10 1.00000 0.70000
9 1.00000 1.00000
12 0.80000 1.00000
4 1.00000 1.00000
3 1.00000 1.00000
9 0.81818 1.00000
6 1.00000 1.00000
4 1.00000 1.00000
5 1.00000 1.00000
3 1.00000 1.00000
25 1.00000 0.72000
12 1.00000 0.83333
25 1.00000 0.64000
14 1.00000 1.00000
12 1.00000 1.00000
11 1.00000 1.00000
14 0.58333 1.00000
8 0.88889 1.00000
4 1.00000 1.00000
8 1.00000 0.87500
3 1.00000 1.00000
9 0.90000 1.00000
9 0.90000 1.00000
25 1.00000 0.52000
9 1.00000 1.00000
7 1.00000 1.00000
6 1.00000 1.00000
5 1.00000 1.00000
8 0.88889 1.00000
12 1.00000 1.00000
12 0.92308 1.00000
5 1.00000 1.00000
8 1.00000 0.75000
8 1.00000 0.75000
14 0.87500 1.00000
10 1.00000 0.90000
4 1.00000 1.00000
3 1.00000 1.00000
7 1.00000 1.00000
11 1.00000 0.63636
17 1.00000 0.82353
11 0.84615 1.00000
9 1.00000 0.88889
51 1.00000 0.21569
11 1.00000 1.00000
11 1.00000 1.00000
9 0.37500 1.00000
27 1.00000 0.96296
23 1.00000 0.52174
10 1.00000 0.90000
9 1.00000 1.00000
5 1.00000 1.00000
5 1.00000 1.00000
31 1.00000 0.41935
31 1.00000 0.32258
18 0.94444 0.94444
22 0.42308 1.00000
6 1.00000 1.00000
8 1.00000 1.00000
7 0.87500 1.00000
8 1.00000 1.00000
7 0.87500 1.00000
22 0.42308 1.00000
9 1.00000 0.88889
3 1.00000 1.00000
12 0.92308 1.00000
11 1.00000 1.00000
6 1.00000 1.00000
5 1.00000 1.00000
74 1.00000 0.22973
28 1.00000 0.89286
3 1.00000 1.00000
8 1.00000 1.00000
7 1.00000 1.00000
6 1.00000 1.00000
6 1.00000 1.00000
3 1.00000 1.00000
3 1.00000 1.00000
23 1.00000 0.65217
8 1.00000 1.00000
11 1.00000 0.90909
21 1.00000 0.95238
6 1.00000 0.83333
6 1.00000 1.00000
34 1.00000 0.85294
11 1.00000 0.90909
11 1.00000 0.90909
11 1.00000 0.90909
11 1.00000 0.90909
11 1.00000 0.90909
6 1.00000 1.00000
43 1.00000 0.27907
28 1.00000 0.82143
27 1.00000 0.33333
23 1.00000 0.95652
9 1.00000 1.00000
8 0.88889 1.00000
7 0.77778 1.00000
3 1.00000 1.00000
18 0.94737 1.00000
5 1.00000 1.00000
12 1.00000 0.91667
41 1.00000 0.48780
18 1.00000 0.50000
11 1.00000 1.00000
8 1.00000 1.00000
3 1.00000 1.00000
14 1.00000 0.92857
7 1.00000 1.00000
11 1.00000 1.00000
18 1.00000 0.83333
17 0.80952 1.00000
5 1.00000 1.00000
4 1.00000 1.00000
3 1.00000 1.00000
7 1.00000 1.00000
16 1.00000 0.68750
6 1.00000 1.00000
47 1.00000 0.38298
30 1.00000 0.26667
15 1.00000 0.80000
42 1.00000 0.21429
12 1.00000 1.00000
4 1.00000 1.00000
34 1.00000 0.41176
18 0.94444 0.94444
6 1.00000 0.83333
4 1.00000 1.00000
20 0.82609 0.95000
20 0.82609 0.95000
20 0.82609 0.95000
8 1.00000 1.00000
8 1.00000 1.00000
26 0.69231 0.69231
7 1.00000 0.57143
6 1.00000 1.00000
4 1.00000 1.00000
4 1.00000 1.00000
3 1.00000 1.00000
91 0.96875 0.34066
27 1.00000 0.25926
10 1.00000 1.00000
12 1.00000 0.91667
17 1.00000 0.64706
3 1.00000 1.00000
3 1.00000 1.00000
9 1.00000 0.88889
3 1.00000 1.00000
17 1.00000 0.82353
11 0.84615 1.00000
22 1.00000 0.54545
11 1.00000 0.90909
21 0.95455 1.00000
17 1.00000 0.64706
14 0.87500 1.00000
17 1.00000 0.64706
5 1.00000 1.00000
32 1.00000 0.28125
13 1.00000 0.61538
32 1.00000 0.28125
13 1.00000 0.61538
8 1.00000 0.87500
3 1.00000 1.00000
6 1.00000 1.00000
3 1.00000 1.00000
11 1.00000 1.00000
9 1.00000 1.00000
9 1.00000 1.00000
5 1.00000 1.00000
4 1.00000 1.00000
4 1.00000 1.00000
7 1.00000 1.00000
6 0.85714 1.00000
39 1.00000 0.33333
11 1.00000 1.00000
3 1.00000 1.00000
9 1.00000 1.00000
9 1.00000 1.00000
8 0.88889 1.00000
5 1.00000 1.00000
6 0.85714 1.00000
90 1.00000 0.73333
16 1.00000 1.00000
26 1.00000 0.92308
25 1.00000 0.56000
10 1.00000 1.00000
9 0.90000 1.00000
8 1.00000 1.00000
9 1.00000 1.00000
4 1.00000 1.00000
4 1.00000 1.00000
3 1.00000 1.00000
34 1.00000 0.61765
9 1.00000 0.55556
8 0.88889 1.00000
22 0.42308 1.00000
8 1.00000 1.00000
3 1.00000 1.00000
3 1.00000 1.00000
21 1.00000 0.90476
14 1.00000 0.92857
25 1.00000 0.52000
4 1.00000 1.00000
25 1.00000 0.40000
25 1.00000 0.52000
22 0.42308 1.00000
4 1.00000 1.00000
56 1.00000 0.51786
14 1.00000 1.00000
33 1.00000 0.33333
14 1.00000 0.85714
9 1.00000 0.66667
7 1.00000 1.00000
33 0.93103 0.81818
20 1.00000 1.00000
6 1.00000 1.00000
6 1.00000 0.83333
41 1.00000 0.70732
20 1.00000 0.60000
18 1.00000 0.50000
9 1.00000 1.00000
5 1.00000 1.00000
9 1.00000 1.00000
4 1.00000 1.00000
11 1.00000 1.00000
10 0.90909 1.00000
10 1.00000 0.70000
14 0.93333 1.00000
3 1.00000 1.00000
5 1.00000 1.00000
25 1.00000 0.52000
22 0.42308 1.00000
6 0.85714 1.00000
3 1.00000 1.00000
8 1.00000 0.87500
6 0.85714 1.00000
5 1.00000 1.00000
23 1.00000 0.56522
9 1.00000 1.00000
8 1.00000 1.00000
8 1.00000 1.00000
8 1.00000 1.00000
8 1.00000 1.00000
8 1.00000 1.00000
8 1.00000 1.00000
8 1.00000 1.00000
8 1.00000 1.00000
8 1.00000 1.00000
6 1.00000 1.00000
36 1.00000 0.77778
30 1.00000 0.66667
15 1.00000 0.93333
13 1.00000 1.00000
10 1.00000 1.00000
54 1.00000 0.64815
35 1.00000 0.62857
9 1.00000 0.88889
45 1.00000 0.20000
11 1.00000 0.72727
8 1.00000 1.00000
7 1.00000 1.00000
11 1.00000 1.00000
11 1.00000 1.00000
12 0.92308 1.00000
6 0.85714 1.00000
10 0.71429 1.00000
9 1.00000 1.00000
42 1.00000 0.21429
13 1.00000 0.53846
12 1.00000 1.00000
8 0.80000 1.00000
8 1.00000 1.00000
7 0.63636 1.00000
4 1.00000 1.00000
6 1.00000 1.00000
117 0.95918 0.40171
19 0.69231 0.94737
18 0.91667 0.61111
10 1.00000 1.00000
31 1.00000 0.90323
4 1.00000 1.00000
3 1.00000 1.00000
15 1.00000 1.00000
7 1.00000 1.00000
8 1.00000 1.00000
7 1.00000 1.00000
4 1.00000 1.00000
7 1.00000 1.00000
5 1.00000 1.00000
6 1.00000 1.00000
3 1.00000 1.00000
20 1.00000 0.40000
17 1.00000 0.94118
16 1.00000 0.93750
16 1.00000 0.93750
8 1.00000 0.87500
5 1.00000 1.00000
4 1.00000 1.00000
3 1.00000 1.00000
3 1.00000 1.00000
44 0.95455 0.47727
30 1.00000 0.50000
27 1.00000 0.88889
16 1.00000 0.75000
16 1.00000 1.00000
32 1.00000 0.28125
6 1.00000 1.00000
6 1.00000 1.00000
15 1.00000 1.00000
28 1.00000 0.42857
17 1.00000 0.76471
3 1.00000 1.00000
3 1.00000 1.00000
5 1.00000 1.00000
20 0.95238 1.00000
18 1.00000 0.83333
16 0.75000 0.93750
3 1.00000 1.00000
4 1.00000 1.00000
10 1.00000 0.90000
52 1.00000 1.00000
7 1.00000 1.00000
52 1.00000 1.00000
7 1.00000 1.00000
25 1.00000 0.52000
22 0.42308 1.00000
30 0.93750 1.00000
6 1.00000 1.00000
13 1.00000 0.38462
12 1.00000 1.00000
10 0.90909 1.00000
8 0.80000 1.00000
8 1.00000 1.00000
7 0.63636 1.00000
4 1.00000 1.00000
13 1.00000 0.38462
12 1.00000 1.00000
10 0.90909 1.00000
8 0.80000 1.00000
8 1.00000 1.00000
7 0.63636 1.00000
4 1.00000 1.00000
4 1.00000 1.00000
7 1.00000 1.00000
3 1.00000 1.00000
8 0.88889 1.00000
6 1.00000 1.00000
9 1.00000 0.88889
3 1.00000 1.00000
3 1.00000 1.00000
42 1.00000 0.21429
13 0.81250 1.00000
12 1.00000 1.00000
7 0.63636 1.00000
9 1.00000 1.00000
3 1.00000 1.00000
8 1.00000 1.00000
3 1.00000 1.00000
7 0.87500 1.00000
3 1.00000 1.00000
42 1.00000 0.21429
13 1.00000 0.53846
12 1.00000 1.00000
9 0.81818 1.00000
8 1.00000 1.00000
4 1.00000 1.00000
15 0.92857 0.86667
3 1.00000 1.00000
10 1.00000 1.00000
10 1.00000 0.90000
7 1.00000 1.00000
19 1.00000 0.63158
6 1.00000 1.00000
5 1.00000 1.00000
3 1.00000 1.00000
8 1.00000 1.00000
4 1.00000 1.00000
10 1.00000 1.00000
11 1.00000 0.36364
8 1.00000 1.00000
8 1.00000 1.00000
22 1.00000 0.59091
16 0.80000 1.00000
8 1.00000 0.87500
18 0.94118 0.88889
52 1.00000 1.00000
45 1.00000 0.51111
34 1.00000 0.23529
8 1.00000 1.00000
7 1.00000 1.00000
7 1.00000 1.00000
6 1.00000 1.00000
66 1.00000 0.43939
35 1.00000 0.42857
6 1.00000 1.00000
34 1.00000 0.41176
18 0.94444 0.94444
4 1.00000 1.00000
8 1.00000 1.00000
7 1.00000 0.85714
8 1.00000 1.00000
7 1.00000 0.85714
3 1.00000 1.00000
4 1.00000 1.00000
16 0.88889 0.50000
10 1.00000 0.80000
9 1.00000 1.00000
7 1.00000 1.00000
6 0.85714 1.00000
5 1.00000 0.80000
4 1.00000 1.00000
4 1.00000 1.00000
7 1.00000 1.00000
52 0.86667 0.50000
41 0.91667 0.26829
26 0.91667 0.42308
14 0.92308 0.85714
12 0.92308 1.00000
11 1.00000 0.81818
7 1.00000 1.00000
5 1.00000 1.00000
9 1.00000 1.00000
6 1.00000 1.00000
5 1.00000 1.00000
4 1.00000 1.00000
6 1.00000 1.00000
6 1.00000 1.00000
6 1.00000 0.83333
138 0.98039 0.36232
72 1.00000 0.40278
47 0.83333 0.42553
20 1.00000 1.00000
14 0.87500 1.00000
10 1.00000 0.90000
3 1.00000 1.00000
3 1.00000 1.00000
6 1.00000 1.00000
24 1.00000 0.37500
14 1.00000 1.00000
9 0.81818 1.00000
5 1.00000 1.00000
13 0.81250 1.00000
10 0.76923 1.00000
7 0.87500 1.00000
5 1.00000 1.00000
3 1.00000 1.00000
3 1.00000 1.00000
29 0.53333 0.82759
27 0.86667 0.96296
12 0.85714 1.00000
8 0.80000 1.00000
6 1.00000 1.00000
9 1.00000 1.00000
6 1.00000 1.00000
5 1.00000 1.00000
7 1.00000 1.00000
6 1.00000 1.00000
5 1.00000 1.00000
33 1.00000 0.90909
3 1.00000 1.00000
7 1.00000 1.00000
7 1.00000 1.00000
6 1.00000 1.00000
6 0.85714 1.00000
62 0.93103 0.43548
24 1.00000 0.37500
19 0.71429 0.52632
8 1.00000 1.00000
8 1.00000 1.00000
5 1.00000 1.00000
33 1.00000 0.48485
7 0.87500 1.00000
3 1.00000 1.00000
8 1.00000 1.00000
8 1.00000 1.00000
6 1.00000 0.83333
24 0.92308 0.50000
37 0.94444 0.45946
12 1.00000 1.00000
9 1.00000 1.00000
6 1.00000 0.83333
6 1.00000 1.00000
5 1.00000 1.00000
71 1.00000 0.70423
21 1.00000 1.00000
11 1.00000 1.00000
9 1.00000 1.00000
7 1.00000 1.00000
6 1.00000 1.00000
3 1.00000 1.00000
7 0.87500 1.00000
4 1.00000 1.00000
7 0.87500 1.00000
4 1.00000 1.00000
3 1.00000 1.00000
28 1.00000 0.42857
17 1.00000 0.76471
9 0.75000 1.00000
19 1.00000 0.94737
14 1.00000 0.71429
6 1.00000 1.00000
5 1.00000 1.00000
18 1.00000 0.66667
6 1.00000 1.00000
3 1.00000 1.00000
27 0.66667 0.66667
17 0.94118 0.94118
14 1.00000 1.00000
9 1.00000 1.00000
7 0.87500 1.00000
33 1.00000 0.84848
16 1.00000 0.81250
10 1.00000 1.00000
8 1.00000 1.00000
8 1.00000 1.00000
12 0.85714 1.00000
20 1.00000 0.80000
20 1.00000 0.80000
9 1.00000 1.00000
6 1.00000 1.00000
5 1.00000 1.00000
4 1.00000 1.00000
3 1.00000 1.00000
3 1.00000 1.00000
20 1.00000 0.80000
20 1.00000 0.80000
13 0.81250 1.00000
12 1.00000 1.00000
7 1.00000 0.85714
42 1.00000 0.21429
12 1.00000 1.00000
7 0.63636 1.00000
7 1.00000 1.00000
25 1.00000 0.52000
34 1.00000 0.47059
11 1.00000 1.00000
3 1.00000 1.00000
8 1.00000 0.62500
3 1.00000 1.00000
25 1.00000 0.52000
22 0.42308 1.00000
6 1.00000 1.00000
35 1.00000 0.40000
26 0.92593 0.96154
24 1.00000 0.37500
14 1.00000 1.00000
9 0.81818 1.00000
5 1.00000 1.00000
9 0.90000 1.00000
9 0.90000 1.00000
8 1.00000 0.87500
7 1.00000 1.00000
6 1.00000 0.50000
6 1.00000 0.83333
14 0.92857 0.92857
13 1.00000 0.61538
7 0.87500 1.00000
4 1.00000 1.00000
36 1.00000 0.22222
20 1.00000 0.85000
7 0.77778 1.00000
3 1.00000 1.00000
6 1.00000 0.83333
5 1.00000 1.00000
5 1.00000 1.00000
3 1.00000 1.00000
16 1.00000 1.00000
14 1.00000 0.85714
11 1.00000 0.90909
9 1.00000 1.00000
9 0.90000 1.00000
8 1.00000 0.75000
7 1.00000 1.00000
6 1.00000 1.00000
5 1.00000 1.00000
3 1.00000 1.00000
3 1.00000 1.00000
25 1.00000 0.52000
22 0.42308 1.00000
8 1.00000 1.00000
8 1.00000 1.00000
8 1.00000 1.00000
9 1.00000 1.00000
9 1.00000 0.88889
9 0.81818 1.00000
9 1.00000 0.88889
9 0.81818 1.00000
7 1.00000 0.85714
7 1.00000 0.85714
4 1.00000 1.00000
3 1.00000 1.00000
18 1.00000 1.00000
15 0.92857 0.86667
4 1.00000 1.00000
26 0.87500 0.53846
4 1.00000 1.00000
3 1.00000 1.00000
6 1.00000 1.00000
4 1.00000 1.00000
3 1.00000 1.00000
26 1.00000 0.76923
18 1.00000 0.55556
16 1.00000 0.87500
12 1.00000 1.00000
12 1.00000 1.00000
11 1.00000 0.54545
8 1.00000 1.00000
6 0.85714 1.00000
4 1.00000 1.00000
3 1.00000 1.00000
6 1.00000 1.00000
5 1.00000 1.00000
6 1.00000 1.00000
5 1.00000 1.00000
15 1.00000 1.00000
47 1.00000 0.38298
28 1.00000 0.42857
5 1.00000 1.00000
3 1.00000 1.00000
10 1.00000 1.00000
3 1.00000 1.00000
3 1.00000 1.00000
10 1.00000 1.00000
3 1.00000 1.00000
3 1.00000 1.00000
17 1.00000 0.94118
4 1.00000 1.00000
17 1.00000 0.64706
3 1.00000 1.00000
23 1.00000 0.73913
19 0.77778 0.73684
14 1.00000 1.00000
10 1.00000 1.00000
9 1.00000 1.00000
6 1.00000 1.00000
14 0.82353 1.00000
9 0.90000 1.00000
6 1.00000 0.66667
34 1.00000 0.41176
27 0.94444 0.62963
17 1.00000 0.64706
31 0.95000 0.61290
14 0.87500 1.00000
3 1.00000 1.00000
11 1.00000 0.81818
11 1.00000 0.81818
15 1.00000 0.53333
12 0.80000 1.00000
10 1.00000 0.90000
3 1.00000 1.00000
34 0.85714 0.35294
5 1.00000 1.00000
6 1.00000 1.00000
3 1.00000 1.00000
3 1.00000 1.00000
4 1.00000 1.00000
13 1.00000 0.61538
3 1.00000 1.00000
3 1.00000 1.00000
3 1.00000 1.00000
3 1.00000 1.00000
4 1.00000 1.00000
4 1.00000 1.00000
13 1.00000 0.53846
11 1.00000 0.90909
9 1.00000 1.00000
4 1.00000 1.00000
3 1.00000 1.00000
3 1.00000 1.00000
13 1.00000 0.53846
6 1.00000 1.00000
6 1.00000 0.83333
5 1.00000 1.00000
4 1.00000 1.00000
4 1.00000 1.00000
3 1.00000 1.00000
3 1.00000 1.00000
52 1.00000 1.00000
34 1.00000 0.23529
25 1.00000 0.52000
8 1.00000 1.00000
7 1.00000 1.00000
3 1.00000 1.00000
3 1.00000 1.00000
11 1.00000 1.00000
14 0.73684 1.00000
10 1.00000 1.00000
7 1.00000 1.00000
15 0.93750 1.00000
4 1.00000 1.00000
3 1.00000 1.00000
58 1.00000 0.25862
12 1.00000 0.91667
6 1.00000 1.00000
8 1.00000 0.87500
8 1.00000 1.00000
47 1.00000 0.29787
7 0.77778 1.00000
3 1.00000 1.00000
8 1.00000 1.00000
3 1.00000 1.00000
7 0.63636 1.00000
5 1.00000 1.00000
4 1.00000 1.00000
52 1.00000 1.00000
43 0.91304 0.48837
37 1.00000 0.21622
7 1.00000 1.00000
7 1.00000 1.00000
6 1.00000 1.00000
3 1.00000 1.00000
31 0.95000 0.61290
21 0.61765 1.00000
14 0.87500 1.00000
3 1.00000 1.00000
11 1.00000 0.36364
32 1.00000 0.28125
8 1.00000 1.00000
32 1.00000 0.28125
8 1.00000 0.87500
4 1.00000 1.00000
6 0.85714 1.00000
6 0.85714 1.00000
11 1.00000 1.00000
6 1.00000 1.00000
94 1.00000 0.43617
66 1.00000 0.75758
32 1.00000 0.62500
24 0.88462 0.95833
17 0.70833 1.00000
11 0.73333 1.00000
9 1.00000 1.00000
8 1.00000 1.00000
13 1.00000 0.53846
3 1.00000 1.00000
7 1.00000 1.00000
3 1.00000 1.00000
7 1.00000 1.00000
3 1.00000 1.00000
6 1.00000 1.00000
3 1.00000 1.00000
3 1.00000 1.00000
26 0.96154 0.96154
10 1.00000 1.00000
8 0.61538 1.00000
11 1.00000 0.90909
6 0.85714 1.00000
7 0.87500 1.00000
3 1.00000 1.00000
8 1.00000 1.00000
4 1.00000 1.00000
4 1.00000 1.00000
14 0.58333 1.00000
8 0.88889 1.00000
15 0.93750 1.00000
6 1.00000 1.00000
29 0.53333 0.82759
27 0.86667 0.96296
12 0.85714 1.00000
8 0.80000 1.00000
6 1.00000 1.00000
10 1.00000 1.00000
8 1.00000 1.00000
7 0.87500 1.00000
8 1.00000 1.00000
7 0.87500 1.00000
25 1.00000 0.52000
22 0.42308 1.00000
8 1.00000 0.62500
14 0.66667 1.00000
10 1.00000 1.00000
13 1.00000 0.53846
12 1.00000 1.00000
11 1.00000 1.00000
8 1.00000 1.00000
6 1.00000 1.00000
3 1.00000 1.00000
31 0.57778 0.83871
19 0.94444 0.89474
16 0.93750 0.93750
11 1.00000 1.00000
11 1.00000 0.81818
8 0.88889 1.00000
12 1.00000 1.00000
4 1.00000 1.00000
4 1.00000 1.00000
11 1.00000 1.00000
13 1.00000 1.00000
11 1.00000 0.90909
11 1.00000 0.90909
10 1.00000 0.90000
8 1.00000 1.00000
8 1.00000 1.00000
7 1.00000 1.00000
6 0.54545 1.00000
6 1.00000 1.00000
5 1.00000 1.00000
4 1.00000 1.00000
3 1.00000 1.00000
3 1.00000 1.00000
6 0.85714 1.00000
6 0.85714 1.00000
20 1.00000 0.75000
12 1.00000 1.00000
7 1.00000 1.00000
6 1.00000 1.00000
3 1.00000 1.00000
43 0.95652 0.51163
10 0.90909 1.00000
51 1.00000 0.21569
13 0.81250 1.00000
11 1.00000 1.00000
4 1.00000 1.00000
14 1.00000 1.00000
11 0.90909 0.90909
8 0.88889 1.00000
7 0.77778 1.00000
3 1.00000 1.00000
17 1.00000 0.47059
16 0.93333 0.87500
14 1.00000 1.00000
10 1.00000 1.00000
9 1.00000 1.00000
7 0.87500 1.00000
20 0.95238 1.00000
19 1.00000 0.89474
11 1.00000 1.00000
7 1.00000 1.00000
20 0.95238 1.00000
19 1.00000 0.89474
11 1.00000 1.00000
3 1.00000 1.00000
3 1.00000 1.00000
3 1.00000 1.00000
3 1.00000 1.00000
3 1.00000 1.00000
3 1.00000 1.00000
3 1.00000 1.00000
3 1.00000 1.00000
3 1.00000 1.00000
17 1.00000 0.88235
16 1.00000 0.87500
7 1.00000 1.00000
7 1.00000 1.00000
7 1.00000 1.00000
6 1.00000 1.00000
6 1.00000 0.83333
3 1.00000 1.00000
6 1.00000 1.00000
3 1.00000 1.00000
5 1.00000 1.00000
6 1.00000 1.00000
4 1.00000 1.00000
4 1.00000 1.00000
5 1.00000 1.00000
6 0.85714 1.00000
5 1.00000 1.00000
3 1.00000 1.00000
5 1.00000 1.00000
3 1.00000 1.00000
9 1.00000 1.00000
3 1.00000 1.00000
20 1.00000 0.80000
10 1.00000 1.00000
8 1.00000 0.87500
4 1.00000 1.00000
4 1.00000 1.00000
20 1.00000 0.80000
10 1.00000 1.00000
8 1.00000 0.87500
4 1.00000 1.00000
6 1.00000 0.33333
7 1.00000 1.00000
6 1.00000 1.00000
36 0.90476 0.52778
11 1.00000 0.36364
26 1.00000 0.76923
12 1.00000 0.91667
11 1.00000 1.00000
10 1.00000 1.00000
8 1.00000 1.00000
7 1.00000 1.00000
7 1.00000 1.00000
41 1.00000 0.34146
7 0.87500 1.00000
6 1.00000 1.00000
3 1.00000 1.00000
3 1.00000 1.00000
6 1.00000 1.00000
4 1.00000 1.00000
3 1.00000 1.00000
60 0.95652 0.36667
21 0.95455 1.00000
3 1.00000 1.00000
27 0.96429 1.00000
23 1.00000 0.95652
7 1.00000 1.00000
6 1.00000 0.83333
9 0.90000 1.00000
4 1.00000 1.00000
3 1.00000 1.00000
3 1.00000 1.00000
3 1.00000 1.00000
3 1.00000 1.00000
10 0.90909 1.00000
10 0.90909 1.00000
10 0.90909 1.00000
10 0.90909 1.00000
10 0.90909 1.00000
10 0.90909 1.00000
23 0.88889 0.34783
18 1.00000 1.00000
14 1.00000 1.00000
8 1.00000 1.00000
8 1.00000 1.00000
20 0.95238 1.00000
19 1.00000 0.89474
11 1.00000 1.00000
3 1.00000 1.00000
3 1.00000 1.00000
8 1.00000 1.00000
8 1.00000 1.00000
3 1.00000 1.00000
6 1.00000 1.00000
3 1.00000 1.00000
5 1.00000 1.00000
4 1.00000 1.00000
20 0.95238 1.00000
19 1.00000 0.89474
11 1.00000 1.00000
14 0.87500 1.00000
6 1.00000 1.00000
28 1.00000 0.46429
36 1.00000 0.38889
14 0.92857 0.92857
11 1.00000 0.81818
8 1.00000 1.00000
6 1.00000 1.00000
6 1.00000 0.33333
3 1.00000 1.00000
3 1.00000 1.00000
7 0.87500 1.00000
9 1.00000 1.00000
7 1.00000 1.00000
6 1.00000 1.00000
3 1.00000 1.00000
3 1.00000 1.00000
3 1.00000 1.00000
3 1.00000 1.00000
14 1.00000 1.00000
7 1.00000 1.00000
5 1.00000 1.00000
3 1.00000 1.00000
5 1.00000 1.00000
6 0.85714 1.00000
9 1.00000 1.00000
4 1.00000 1.00000
4 1.00000 1.00000
8 1.00000 1.00000
5 1.00000 1.00000
12 0.85714 1.00000
12 1.00000 1.00000
10 1.00000 0.90000
9 0.90000 1.00000
14 0.87500 1.00000
10 0.90909 1.00000
10 0.90909 1.00000
20 1.00000 0.85000
10 1.00000 0.90000
20 1.00000 0.85000
10 1.00000 0.90000
10 0.90909 1.00000
6 1.00000 1.00000
7 0.87500 1.00000
3 1.00000 1.00000
8 1.00000 0.87500
3 1.00000 1.00000
3 1.00000 1.00000
7 0.87500 1.00000
8 1.00000 1.00000
8 1.00000 1.00000
18 1.00000 0.83333
12 1.00000 1.00000
11 1.00000 1.00000
5 1.00000 1.00000
3 1.00000 1.00000
13 1.00000 0.53846
13 0.81250 1.00000
12 1.00000 1.00000
12 0.80000 0.33333
8 1.00000 1.00000
4 1.00000 1.00000
14 0.66667 1.00000
14 1.00000 0.92857
11 1.00000 0.90909
11 0.85714 0.54545
3 1.00000 1.00000
3 1.00000 1.00000
5 1.00000 1.00000
3 1.00000 1.00000
27 1.00000 0.37037
26 1.00000 0.46154
8 1.00000 1.00000
7 1.00000 1.00000
7 1.00000 1.00000
6 1.00000 1.00000
6 1.00000 1.00000
5 0.62500 1.00000
4 1.00000 1.00000
4 1.00000 1.00000
3 1.00000 1.00000
3 1.00000 1.00000
3 1.00000 1.00000
5 1.00000 1.00000
3 1.00000 1.00000
14 0.90000 0.64286
3 1.00000 1.00000
15 1.00000 0.86667
7 1.00000 0.57143
25 1.00000 0.52000
3 1.00000 1.00000
8 1.00000 0.87500
5 1.00000 1.00000
4 1.00000 1.00000
3 1.00000 1.00000
3 1.00000 1.00000
3 1.00000 1.00000
3 1.00000 1.00000
18 1.00000 0.83333
12 1.00000 1.00000
11 1.00000 1.00000
5 1.00000 1.00000
3 1.00000 1.00000
6 1.00000 1.00000
3 1.00000 1.00000
3 1.00000 1.00000
3 1.00000 1.00000
3 1.00000 1.00000
17 1.00000 0.88235
13 0.92857 1.00000
14 1.00000 1.00000
7 1.00000 1.00000
5 1.00000 1.00000
9 1.00000 1.00000
3 1.00000 1.00000
3 1.00000 1.00000
34 1.00000 0.85294
46 1.00000 0.19565
32 1.00000 0.40625
18 0.94444 0.94444
5 1.00000 1.00000
3 1.00000 1.00000
3 1.00000 1.00000
6 1.00000 1.00000
6 1.00000 1.00000
6 1.00000 1.00000
6 1.00000 1.00000
5 1.00000 1.00000
8 1.00000 1.00000
3 1.00000 1.00000
9 1.00000 0.88889
3 1.00000 1.00000
3 1.00000 1.00000
9 0.90000 1.00000
6 1.00000 0.83333
3 1.00000 1.00000
4 1.00000 1.00000
4 1.00000 1.00000
32 1.00000 0.28125
5 1.00000 0.80000
8 1.00000 1.00000
7 0.87500 1.00000
6 1.00000 0.83333
5 1.00000 1.00000
96 1.00000 0.11458
13 0.81250 1.00000
7 1.00000 1.00000
4 1.00000 1.00000
4 1.00000 1.00000
3 1.00000 1.00000
7 1.00000 1.00000
11 1.00000 0.81818
8 1.00000 1.00000
7 1.00000 0.85714
69 1.00000 0.26087
25 1.00000 0.96000
22 1.00000 0.36364
16 1.00000 1.00000
12 1.00000 1.00000
10 1.00000 0.90000
9 1.00000 1.00000
7 1.00000 1.00000
6 1.00000 0.83333
4 1.00000 1.00000
3 1.00000 1.00000
3 1.00000 1.00000
3 1.00000 1.00000
6 1.00000 1.00000
17 1.00000 0.64706
5 1.00000 1.00000
3 1.00000 1.00000
28 0.93750 0.53571
21 1.00000 0.90476
9 1.00000 0.88889
3 1.00000 1.00000
52 1.00000 1.00000
45 1.00000 0.51111
37 1.00000 0.21622
25 1.00000 0.52000
7 1.00000 1.00000
7 1.00000 1.00000
6 1.00000 1.00000
3 1.00000 1.00000
25 1.00000 0.96000
13 1.00000 0.61538
8 1.00000 0.75000
3 1.00000 1.00000
3 1.00000 1.00000
3 1.00000 1.00000
3 1.00000 1.00000
3 1.00000 1.00000
11 1.00000 1.00000
8 1.00000 1.00000
7 0.87500 1.00000
6 1.00000 0.83333
11 0.83333 0.90909
4 1.00000 1.00000
6 1.00000 1.00000
62 0.85714 0.58065
55 1.00000 0.36364
4 1.00000 1.00000
6 1.00000 1.00000
3 1.00000 1.00000
3 1.00000 1.00000
47 0.97297 0.76596
27 1.00000 0.48148
15 1.00000 1.00000
14 0.82353 1.00000
11 1.00000 1.00000
11 1.00000 1.00000
4 1.00000 1.00000
22 1.00000 0.86364
13 1.00000 0.53846
13 0.81250 1.00000
12 1.00000 1.00000
4 1.00000 1.00000
3 1.00000 1.00000
7 1.00000 1.00000
5 1.00000 1.00000
3 1.00000 1.00000
4 1.00000 1.00000
3 1.00000 1.00000
7 1.00000 0.85714
3 1.00000 1.00000
6 1.00000 1.00000
3 1.00000 1.00000
3 1.00000 1.00000
3 1.00000 1.00000
5 1.00000 1.00000
51 0.82000 0.80392
12 0.80000 1.00000
4 1.00000 1.00000
15 0.92857 0.86667
7 1.00000 1.00000
3 1.00000 1.00000
7 1.00000 0.85714
11 0.83333 0.90909
4 1.00000 1.00000
3 1.00000 1.00000
49 1.00000 0.40816
27 0.96296 0.96296
25 1.00000 0.36000
16 1.00000 0.50000
14 1.00000 1.00000
10 0.90909 1.00000
7 1.00000 1.00000
3 1.00000 1.00000
154 0.96970 0.41558
118 0.97959 0.40678
81 0.92683 0.46914
35 1.00000 0.62857
30 1.00000 0.66667
25 0.92308 0.96000
21 0.95238 0.95238
21 1.00000 0.90476
18 1.00000 0.94444
10 1.00000 1.00000
10 1.00000 1.00000
16 1.00000 1.00000
14 1.00000 0.85714
11 1.00000 0.90909
9 1.00000 1.00000
9 0.90000 1.00000
8 1.00000 0.75000
7 1.00000 1.00000
6 1.00000 1.00000
5 1.00000 1.00000
4 1.00000 1.00000
7 1.00000 1.00000
20 0.58333 0.70000
16 1.00000 1.00000
14 1.00000 0.50000
12 1.00000 1.00000
12 1.00000 1.00000
11 1.00000 0.90909
7 0.63636 1.00000
4 1.00000 1.00000
8 1.00000 1.00000
5 1.00000 1.00000
39 0.62500 0.38462
36 1.00000 0.50000
36 1.00000 0.83333
19 0.94444 0.89474
6 1.00000 1.00000
9 1.00000 0.88889
7 1.00000 1.00000
3 1.00000 1.00000
3 1.00000 1.00000
9 1.00000 1.00000
3 1.00000 1.00000
11 1.00000 1.00000
7 1.00000 1.00000
4 1.00000 1.00000
68 1.00000 0.42647
25 1.00000 0.36000
19 1.00000 0.57895
17 1.00000 0.82353
7 1.00000 1.00000
4 1.00000 1.00000
25 1.00000 0.40000
7 1.00000 0.57143
6 1.00000 0.50000
6 1.00000 1.00000
5 1.00000 1.00000
5 1.00000 1.00000
5 1.00000 1.00000
3 1.00000 1.00000
52 1.00000 1.00000
11 1.00000 1.00000
7 1.00000 1.00000
13 1.00000 1.00000
12 1.00000 0.66667
11 1.00000 0.90909
10 1.00000 0.90000
9 1.00000 1.00000
9 1.00000 1.00000
8 1.00000 1.00000
8 1.00000 1.00000
8 1.00000 1.00000
7 1.00000 1.00000
6 1.00000 1.00000
6 1.00000 1.00000
6 1.00000 0.83333
6 1.00000 1.00000
5 1.00000 1.00000
5 1.00000 1.00000
5 1.00000 1.00000
4 1.00000 1.00000
3 1.00000 1.00000
9 1.00000 1.00000
7 1.00000 0.85714
3 1.00000 1.00000
8 1.00000 1.00000
10 0.90909 1.00000
3 1.00000 1.00000
7 1.00000 1.00000
3 1.00000 1.00000
3 1.00000 1.00000
11 1.00000 1.00000
83 0.97619 0.49398
55 1.00000 0.36364
16 1.00000 0.68750
3 1.00000 1.00000
3 1.00000 1.00000
6 1.00000 0.33333
7 1.00000 1.00000
10 1.00000 1.00000
5 1.00000 1.00000
4 1.00000 1.00000
4 1.00000 1.00000
10 1.00000 1.00000
5 1.00000 1.00000
4 1.00000 1.00000
4 1.00000 1.00000
3 1.00000 1.00000
41 0.90323 0.68293
25 0.85185 0.92000
23 0.88000 0.95652
11 1.00000 0.54545
15 1.00000 0.53333
21 0.94737 0.85714
3 1.00000 1.00000
108 1.00000 0.09259
32 0.95833 0.71875
17 1.00000 1.00000
9 1.00000 1.00000
8 0.88889 1.00000
7 1.00000 0.57143
8 1.00000 1.00000
5 1.00000 1.00000
3 1.00000 1.00000
3 1.00000 1.00000
3 1.00000 1.00000
3 1.00000 1.00000
3 1.00000 1.00000
34 1.00000 0.38235
4 1.00000 1.00000
3 1.00000 1.00000
6 1.00000 0.33333
3 1.00000 1.00000
3 1.00000 1.00000
13 1.00000 1.00000
11 1.00000 1.00000
11 1.00000 0.90909
10 1.00000 0.90000
9 1.00000 1.00000
9 1.00000 1.00000
8 1.00000 1.00000
8 1.00000 1.00000
8 1.00000 1.00000
7 1.00000 1.00000
6 1.00000 1.00000
6 1.00000 1.00000
6 1.00000 1.00000
6 1.00000 0.83333
6 1.00000 1.00000
5 1.00000 1.00000
5 1.00000 1.00000
4 1.00000 1.00000
3 1.00000 1.00000
3 1.00000 1.00000
33 1.00000 0.42424
20 1.00000 0.60000
20 0.58333 0.70000
16 1.00000 1.00000
13 1.00000 0.53846
13 1.00000 0.38462
11 1.00000 1.00000
11 1.00000 0.90909
11 1.00000 0.81818
10 0.90909 1.00000
5 1.00000 1.00000
5 1.00000 1.00000
4 1.00000 1.00000
36 1.00000 0.38889
35 0.82353 0.40000
33 1.00000 0.90909
32 1.00000 0.28125
30 0.55556 0.83333
19 0.94444 0.89474
14 0.92857 0.92857
13 1.00000 0.61538
11 1.00000 0.81818
11 1.00000 0.81818
8 0.88889 1.00000
6 1.00000 1.00000
21 0.95455 1.00000
3 1.00000 1.00000
6 1.00000 0.83333
6 1.00000 0.66667
5 0.83333 1.00000
3 1.00000 1.00000
18 0.94118 0.88889
11 1.00000 0.90909
18 1.00000 0.88889
4 1.00000 1.00000
11 0.91667 1.00000
10 1.00000 1.00000
6 1.00000 1.00000
5 0.62500 1.00000
5 1.00000 1.00000
5 1.00000 1.00000
4 1.00000 1.00000
4 1.00000 1.00000
3 1.00000 1.00000
4 1.00000 1.00000
4 1.00000 1.00000
52 1.00000 1.00000
7 1.00000 1.00000
68 1.00000 0.42647
25 1.00000 0.56000
25 1.00000 0.36000
19 1.00000 0.57895
17 1.00000 0.82353
10 1.00000 1.00000
8 1.00000 1.00000
7 1.00000 1.00000
4 1.00000 1.00000
10 1.00000 0.50000
9 1.00000 1.00000
6 1.00000 0.83333
5 1.00000 0.80000
4 1.00000 1.00000
3 1.00000 1.00000
3 1.00000 1.00000
4 1.00000 1.00000
3 1.00000 1.00000
31 1.00000 0.90323
11 1.00000 1.00000
6 1.00000 0.83333
3 1.00000 1.00000
4 1.00000 1.00000
43 1.00000 0.53488
7 1.00000 1.00000
9 1.00000 1.00000
8 1.00000 1.00000
7 1.00000 0.85714
4 1.00000 1.00000
4 1.00000 1.00000
3 1.00000 1.00000
3 1.00000 1.00000
6 1.00000 1.00000
6 1.00000 1.00000
6 1.00000 1.00000
6 1.00000 1.00000
6 1.00000 1.00000
6 1.00000 1.00000
7 1.00000 1.00000
5 0.62500 1.00000
5 1.00000 1.00000
4 1.00000 1.00000
3 1.00000 1.00000
3 1.00000 1.00000
9 1.00000 1.00000
25 1.00000 0.52000
3 1.00000 1.00000
27 0.89286 0.92593
3 1.00000 1.00000
21 0.85000 0.80952
12 1.00000 0.91667
6 0.85714 1.00000
9 1.00000 1.00000
43 1.00000 0.53488
13 0.72727 0.61538
12 1.00000 0.58333
10 0.90909 1.00000
3 1.00000 1.00000
6 1.00000 1.00000
27 0.89286 0.92593
3 1.00000 1.00000
113 1.00000 0.37168
94 1.00000 0.43617
32 1.00000 0.62500
24 0.88462 0.95833
17 0.70833 1.00000
12 0.85714 1.00000
9 1.00000 1.00000
8 1.00000 1.00000
8 1.00000 1.00000
3 1.00000 1.00000
3 1.00000 1.00000
4 1.00000 1.00000
19 1.00000 1.00000
10 1.00000 1.00000
7 0.87500 1.00000
3 1.00000 1.00000
6 1.00000 1.00000
6 1.00000 1.00000
6 1.00000 1.00000
7 1.00000 0.85714
7 1.00000 0.85714
3 1.00000 1.00000
28 0.93333 0.50000
9 0.90000 1.00000
7 1.00000 1.00000
6 1.00000 1.00000
6 0.85714 1.00000
5 1.00000 1.00000
3 1.00000 1.00000
3 1.00000 1.00000
4 1.00000 1.00000
26 1.00000 0.65385
7 1.00000 0.57143
6 1.00000 0.50000
5 1.00000 1.00000
5 1.00000 1.00000
5 1.00000 1.00000
4 1.00000 1.00000
3 1.00000 1.00000
21 0.85000 0.80952
12 1.00000 0.91667
6 0.85714 1.00000
3 1.00000 1.00000
3 1.00000 1.00000
3 1.00000 1.00000
3 1.00000 1.00000
3 1.00000 1.00000
3 1.00000 1.00000
6 1.00000 1.00000
3 1.00000 1.00000
3 1.00000 1.00000
69 1.00000 0.26087
25 1.00000 0.96000
17 1.00000 0.94118
12 1.00000 1.00000
9 1.00000 1.00000
7 1.00000 1.00000
6 1.00000 0.83333
4 1.00000 1.00000
3 1.00000 1.00000
3 1.00000 1.00000
3 1.00000 1.00000
34 1.00000 0.85294
6 1.00000 1.00000
3 1.00000 1.00000
3 1.00000 1.00000
3 1.00000 1.00000
6 0.85714 1.00000
5 1.00000 1.00000
8 1.00000 0.87500
8 1.00000 1.00000
6 0.85714 1.00000
3 1.00000 1.00000
3 1.00000 1.00000
6 1.00000 0.50000
3 1.00000 1.00000
3 1.00000 1.00000
3 1.00000 1.00000
4 1.00000 1.00000
4 1.00000 1.00000
3 1.00000 1.00000
3 1.00000 1.00000
3 1.00000 1.00000
5 1.00000 1.00000
4 1.00000 1.00000
10 0.90909 1.00000
8 1.00000 0.87500
8 1.00000 1.00000
6 0.85714 1.00000
3 1.00000 1.00000
3 1.00000 1.00000
6 1.00000 1.00000
143 1.00000 0.26573
97 1.00000 0.20619
32 1.00000 0.53125
15 1.00000 1.00000
13 1.00000 0.53846
12 1.00000 0.91667
10 1.00000 1.00000
9 1.00000 1.00000
9 1.00000 0.77778
9 1.00000 1.00000
8 1.00000 1.00000
7 1.00000 0.85714
7 1.00000 1.00000
6 0.85714 1.00000
6 0.85714 1.00000
17 1.00000 0.64706
3 1.00000 1.00000
6 0.85714 1.00000
3 1.00000 1.00000
6 0.85714 1.00000
3 1.00000 1.00000
8 1.00000 0.50000
4 1.00000 1.00000
32 1.00000 0.43750
28 1.00000 0.96429
8 1.00000 1.00000
3 1.00000 1.00000
3 1.00000 1.00000
7 1.00000 1.00000
3 1.00000 1.00000
7 1.00000 1.00000
3 1.00000 1.00000
85 1.00000 0.49412
60 0.93333 0.23333
55 1.00000 0.36364
9 1.00000 1.00000
4 1.00000 1.00000
14 1.00000 0.85714
13 1.00000 0.92308
10 1.00000 1.00000
10 1.00000 0.90000
10 1.00000 0.70000
8 1.00000 0.87500
7 1.00000 1.00000
7 1.00000 1.00000
6 1.00000 1.00000
6 1.00000 1.00000
4 1.00000 1.00000
3 1.00000 1.00000
3 1.00000 1.00000
3 1.00000 1.00000
3 1.00000 1.00000
3 1.00000 1.00000
23 1.00000 0.56522
13 1.00000 0.53846
12 1.00000 0.83333
11 1.00000 0.90909
6 1.00000 1.00000
5 1.00000 1.00000
3 1.00000 1.00000
69 1.00000 0.26087
25 1.00000 0.96000
17 1.00000 0.94118
12 1.00000 1.00000
10 1.00000 0.90000
9 1.00000 1.00000
9 1.00000 0.88889
7 1.00000 1.00000
6 1.00000 0.83333
3 1.00000 1.00000
3 1.00000 1.00000
3 1.00000 1.00000
3 1.00000 1.00000
3 1.00000 1.00000
3 1.00000 1.00000
3 1.00000 1.00000
4 1.00000 1.00000
76 1.00000 0.30263
27 0.90909 0.37037
9 1.00000 0.88889
4 1.00000 1.00000
6 1.00000 0.83333
107 1.00000 0.09346
13 0.81250 1.00000
8 1.00000 1.00000
7 1.00000 1.00000
107 1.00000 0.09346
13 0.81250 1.00000
8 1.00000 1.00000
7 1.00000 1.00000
19 1.00000 1.00000
10 1.00000 1.00000
7 0.58333 1.00000
7 0.87500 1.00000
3 1.00000 1.00000
37 1.00000 0.48649
36 1.00000 0.83333
20 1.00000 0.85000
11 1.00000 0.81818
10 1.00000 0.90000
6 1.00000 1.00000
6 1.00000 1.00000
3 1.00000 1.00000
3 1.00000 1.00000
6 1.00000 1.00000
4 1.00000 1.00000
4 1.00000 1.00000
6 1.00000 1.00000
5 1.00000 1.00000
6 1.00000 1.00000
5 1.00000 1.00000
6 1.00000 1.00000
6 1.00000 1.00000
6 1.00000 1.00000
16 1.00000 0.68750
13 1.00000 0.46154
12 1.00000 0.58333
11 1.00000 1.00000
10 0.90909 1.00000
6 1.00000 1.00000
4 1.00000 1.00000
3 1.00000 1.00000
3 1.00000 1.00000
13 0.92857 1.00000
13 1.00000 1.00000
10 1.00000 0.90000
8 1.00000 1.00000
7 1.00000 0.57143
7 1.00000 0.85714
6 1.00000 0.50000
6 1.00000 1.00000
6 1.00000 1.00000
5 1.00000 1.00000
4 1.00000 1.00000
4 1.00000 1.00000
4 1.00000 1.00000
3 1.00000 1.00000
3 1.00000 1.00000
17 1.00000 0.64706
16 1.00000 1.00000
10 1.00000 1.00000
9 1.00000 1.00000
9 0.90000 1.00000
8 1.00000 0.75000
6 1.00000 1.00000
5 1.00000 1.00000
5 1.00000 1.00000
3 1.00000 1.00000
3 1.00000 1.00000
3 1.00000 1.00000
3 1.00000 1.00000
10 1.00000 0.50000
10 1.00000 1.00000
5 1.00000 0.80000
14 0.87500 1.00000
15 1.00000 0.93333
5 1.00000 1.00000
4 1.00000 1.00000
9 1.00000 1.00000
11 1.00000 1.00000
8 1.00000 0.87500
6 1.00000 1.00000
5 1.00000 1.00000
3 1.00000 1.00000
3 1.00000 1.00000
3 1.00000 1.00000
3 1.00000 1.00000
3 1.00000 1.00000
6 1.00000 1.00000
9 1.00000 1.00000
5 1.00000 1.00000
3 1.00000 1.00000
3 1.00000 1.00000
5 1.00000 1.00000
3 1.00000 1.00000
3 1.00000 1.00000
3 1.00000 1.00000
14 0.58333 1.00000
6 1.00000 1.00000
49 0.86364 0.38776
43 0.85714 0.13953
41 1.00000 0.09756
11 0.68750 1.00000
9 1.00000 1.00000
8 0.80000 1.00000
66 0.88095 0.56061
45 1.00000 0.64444
41 0.89189 0.80488
21 0.92308 0.57143
21 1.00000 0.71429
10 1.00000 1.00000
7 1.00000 1.00000
4 1.00000 1.00000
4 1.00000 1.00000
3 1.00000 1.00000
62 0.93103 0.43548
24 1.00000 0.37500
11 1.00000 1.00000
8 1.00000 1.00000
6 1.00000 1.00000
5 1.00000 1.00000
4 1.00000 1.00000
3 1.00000 1.00000
3 1.00000 1.00000
8 1.00000 1.00000
8 1.00000 1.00000
4 1.00000 1.00000
4 1.00000 1.00000
4 1.00000 1.00000
3 1.00000 1.00000
18 1.00000 0.66667
6 1.00000 1.00000
26 1.00000 0.11538
3 1.00000 1.00000
28 1.00000 0.32143
17 1.00000 0.70588
15 1.00000 0.80000
11 0.91667 1.00000
6 1.00000 1.00000
6 1.00000 0.33333
7 1.00000 0.85714
4 1.00000 1.00000
28 1.00000 0.85714
25 1.00000 0.64000
13 1.00000 0.92308
11 1.00000 1.00000
10 0.83333 1.00000
8 1.00000 1.00000
7 1.00000 1.00000
6 1.00000 1.00000
28 1.00000 0.85714
25 1.00000 0.64000
13 1.00000 0.92308
11 1.00000 1.00000
10 0.83333 1.00000
8 1.00000 1.00000
7 1.00000 1.00000
6 1.00000 1.00000
36 1.00000 0.47222
8 1.00000 0.87500
11 1.00000 1.00000
10 1.00000 0.70000
8 1.00000 1.00000
5 1.00000 1.00000
10 0.90909 1.00000
3 1.00000 1.00000
11 0.91667 1.00000
10 1.00000 1.00000
8 1.00000 1.00000
7 1.00000 0.57143
6 1.00000 1.00000
6 1.00000 0.83333
5 0.62500 1.00000
5 1.00000 1.00000
4 1.00000 1.00000
4 1.00000 1.00000
4 1.00000 1.00000
4 1.00000 1.00000
3 1.00000 1.00000
21 0.95455 1.00000
3 1.00000 1.00000
34 0.95652 0.64706
16 1.00000 0.75000
16 1.00000 1.00000
14 1.00000 0.64286
13 1.00000 0.92308
13 1.00000 0.76923
11 1.00000 1.00000
10 1.00000 0.80000
8 1.00000 0.50000
8 0.88889 1.00000
6 1.00000 0.66667
6 1.00000 1.00000
5 1.00000 1.00000
4 1.00000 1.00000
4 1.00000 1.00000
3 1.00000 1.00000
3 1.00000 1.00000
7 1.00000 1.00000
3 1.00000 1.00000
9 0.81818 1.00000
4 1.00000 1.00000
3 1.00000 1.00000
26 0.87500 0.53846
49 1.00000 0.40816
47 1.00000 0.19149
35 1.00000 0.40000
34 1.00000 0.44118
27 0.94444 0.62963
27 0.96296 0.96296
25 1.00000 0.36000
17 1.00000 0.64706
14 1.00000 1.00000
10 0.90909 1.00000
5 1.00000 1.00000
16 1.00000 0.87500
13 1.00000 1.00000
11 1.00000 1.00000
10 0.83333 1.00000
7 1.00000 1.00000
7 1.00000 0.85714
6 1.00000 1.00000
4 1.00000 1.00000
3 1.00000 1.00000
3 1.00000 1.00000
29 0.53333 0.82759
27 0.86667 0.96296
20 1.00000 0.80000
12 0.85714 1.00000
11 1.00000 0.81818
10 1.00000 1.00000
8 0.80000 1.00000
8 1.00000 0.87500
6 1.00000 1.00000
4 1.00000 1.00000
39 1.00000 0.35897
34 1.00000 0.41176
20 1.00000 0.60000
20 0.58333 0.70000
16 1.00000 1.00000
14 1.00000 0.50000
13 1.00000 0.38462
11 1.00000 1.00000
11 1.00000 0.90909
11 1.00000 0.81818
5 1.00000 1.00000
5 1.00000 1.00000
4 1.00000 1.00000
9 1.00000 1.00000
5 1.00000 1.00000
4 1.00000 1.00000
4 1.00000 1.00000
4 1.00000 1.00000
4 1.00000 1.00000
3 1.00000 1.00000
3 1.00000 1.00000
11 1.00000 0.90909
5 1.00000 1.00000
8 1.00000 1.00000
4 1.00000 1.00000
7 1.00000 1.00000
14 1.00000 1.00000
6 1.00000 0.83333
11 1.00000 1.00000
8 0.80000 1.00000
3 1.00000 1.00000
15 1.00000 0.53333
4 1.00000 1.00000
8 1.00000 1.00000
4 1.00000 1.00000
8 1.00000 1.00000
6 0.85714 1.00000
6 1.00000 0.83333
10 0.90909 1.00000
8 1.00000 1.00000
7 0.87500 1.00000
6 0.85714 1.00000
6 1.00000 0.83333
3 1.00000 1.00000
25 1.00000 0.84000
7 1.00000 1.00000
7 1.00000 0.85714
3 1.00000 1.00000
3 1.00000 1.00000
7 1.00000 1.00000
10 0.90909 1.00000
3 1.00000 1.00000
11 1.00000 1.00000
34 1.00000 0.41176
31 1.00000 0.87097
14 1.00000 0.64286
8 1.00000 1.00000
3 1.00000 1.00000
3 1.00000 1.00000
46 0.79592 0.84783
21 1.00000 0.95238
11 0.91667 1.00000
10 1.00000 1.00000
6 1.00000 1.00000
16 1.00000 1.00000
4 1.00000 1.00000
8 1.00000 1.00000
4 1.00000 1.00000
4 1.00000 1.00000
4 1.00000 1.00000
3 1.00000 1.00000
32 1.00000 0.28125
11 1.00000 1.00000
5 1.00000 1.00000
4 1.00000 1.00000
4 1.00000 1.00000
28 0.93333 0.50000
13 1.00000 0.53846
10 1.00000 0.90000
8 1.00000 1.00000
8 1.00000 0.62500
7 1.00000 0.85714
6 1.00000 1.00000
6 1.00000 0.83333
6 0.85714 1.00000
5 1.00000 1.00000
5 1.00000 1.00000
4 1.00000 1.00000
4 1.00000 1.00000
4 1.00000 1.00000
3 1.00000 1.00000
3 1.00000 1.00000
3 1.00000 1.00000
10 1.00000 1.00000
5 1.00000 1.00000
3 1.00000 1.00000
139 0.98039 0.35971
96 1.00000 0.28125
72 1.00000 0.40278
61 0.98000 0.80328
50 1.00000 0.16000
47 0.83333 0.42553
45 0.90000 0.40000
33 0.94286 1.00000
30 1.00000 0.50000
28 1.00000 0.89286
28 1.00000 0.75000
27 1.00000 0.96296
26 1.00000 0.84615
25 1.00000 0.88000
23 1.00000 0.52174
21 1.00000 0.95238
20 0.95238 1.00000
19 1.00000 0.84211
17 1.00000 0.94118
17 1.00000 0.94118
15 1.00000 0.80000
15 0.78947 1.00000
14 0.87500 1.00000
13 1.00000 0.92308
12 1.00000 1.00000
11 1.00000 1.00000
10 1.00000 1.00000
10 0.90909 1.00000
10 1.00000 1.00000
10 1.00000 0.90000
10 1.00000 0.90000
10 1.00000 0.70000
9 1.00000 1.00000
9 1.00000 1.00000
8 0.80000 1.00000
4 1.00000 1.00000
26 1.00000 0.50000
10 0.83333 1.00000
5 0.62500 1.00000
5 1.00000 1.00000
4 1.00000 1.00000
3 1.00000 1.00000
6 0.75000 1.00000
25 1.00000 0.96000
17 1.00000 0.64706
16 1.00000 1.00000
14 1.00000 0.50000
13 1.00000 0.61538
10 1.00000 1.00000
9 1.00000 1.00000
9 0.90000 1.00000
8 1.00000 0.75000
6 1.00000 1.00000
6 1.00000 1.00000
5 1.00000 1.00000
5 1.00000 1.00000
4 1.00000 1.00000
3 1.00000 1.00000
3 1.00000 1.00000
3 1.00000 1.00000
3 1.00000 1.00000
23 1.00000 0.95652
14 0.77778 1.00000
12 0.70588 1.00000
8 0.80000 1.00000
6 1.00000 1.00000
5 1.00000 1.00000
3 1.00000 1.00000
34 1.00000 0.82353
17 1.00000 0.88235
10 1.00000 1.00000
8 1.00000 0.62500
5 1.00000 1.00000
4 1.00000 1.00000
3 1.00000 1.00000
11 1.00000 1.00000
7 1.00000 1.00000
5 0.83333 1.00000
5 1.00000 1.00000
4 1.00000 1.00000
3 1.00000 1.00000
3 1.00000 1.00000
3 1.00000 1.00000
3 1.00000 1.00000
3 1.00000 1.00000
16 1.00000 0.87500
15 0.93750 1.00000
8 1.00000 0.50000
6 1.00000 1.00000
5 1.00000 1.00000
4 1.00000 1.00000
133 0.95918 0.35338
46 0.95455 0.45652
41 1.00000 0.70732
36 0.50000 0.50000
33 1.00000 0.54545
23 1.00000 0.95652
22 0.95238 0.90909
21 1.00000 1.00000
20 1.00000 0.60000
19 0.69231 0.94737
18 0.50000 0.61111
18 1.00000 0.50000
18 1.00000 0.94444
18 0.91667 0.61111
16 0.76190 1.00000
13 1.00000 1.00000
12 0.85714 1.00000
12 1.00000 1.00000
11 1.00000 1.00000
10 1.00000 0.90000
10 1.00000 1.00000
9 0.90000 1.00000
9 1.00000 0.88889
11 1.00000 1.00000
5 1.00000 1.00000
23 1.00000 0.65217
17 1.00000 0.94118
11 1.00000 1.00000
10 1.00000 1.00000
8 1.00000 1.00000
7 1.00000 1.00000
3 1.00000 1.00000
3 1.00000 1.00000
8 1.00000 1.00000
7 1.00000 0.85714
5 1.00000 1.00000
4 1.00000 1.00000
9 1.00000 1.00000
264 0.92000 0.08712
83 1.00000 0.19277
49 1.00000 0.28571
30 1.00000 0.30000
17 1.00000 0.70588
16 1.00000 0.75000
15 0.92857 0.86667
6 1.00000 1.00000
11 1.00000 0.81818
7 1.00000 0.57143
38 1.00000 0.15789
21 0.90000 0.85714
20 0.83333 1.00000
12 1.00000 0.91667
6 0.85714 1.00000
4 1.00000 1.00000
14 0.58333 1.00000
27 0.95238 0.74074
18 1.00000 0.94444
10 1.00000 1.00000
10 1.00000 1.00000
5 1.00000 1.00000
3 1.00000 1.00000
3 1.00000 1.00000
6 1.00000 1.00000
6 1.00000 1.00000
4 1.00000 1.00000
22 1.00000 0.40909
9 1.00000 0.77778
11 1.00000 1.00000
7 1.00000 1.00000
7 1.00000 1.00000
5 0.83333 1.00000
5 1.00000 1.00000
5 1.00000 1.00000
4 1.00000 1.00000
4 1.00000 1.00000
3 1.00000 1.00000
3 1.00000 1.00000
3 1.00000 1.00000
6 0.75000 1.00000
22 1.00000 0.40909
16 1.00000 0.50000
14 1.00000 0.92857
9 1.00000 0.77778
7 1.00000 1.00000
6 1.00000 1.00000
4 1.00000 1.00000
3 1.00000 1.00000
4 1.00000 1.00000
3 1.00000 1.00000
13 1.00000 1.00000
5 1.00000 1.00000
3 1.00000 1.00000
11 1.00000 0.81818
9 1.00000 1.00000
7 1.00000 0.57143
6 1.00000 0.50000
6 1.00000 0.83333
4 1.00000 1.00000
5 1.00000 1.00000
63 1.00000 0.50794
58 1.00000 0.41379
58 1.00000 0.50000
28 1.00000 0.21429
25 0.71429 1.00000
18 0.94737 1.00000
16 0.93333 0.87500
11 1.00000 0.63636
11 1.00000 1.00000
9 0.90000 1.00000
7 1.00000 0.85714
6 0.85714 1.00000
5 1.00000 1.00000
57 1.00000 0.28070
37 1.00000 0.48649
32 1.00000 0.28125
21 0.94444 0.80952
14 0.92857 0.92857
12 1.00000 1.00000
11 1.00000 0.81818
8 0.88889 1.00000
6 1.00000 1.00000
6 1.00000 1.00000
6 1.00000 0.83333
5 1.00000 1.00000
4 1.00000 1.00000
4 1.00000 1.00000
4 1.00000 1.00000
3 1.00000 1.00000
3 1.00000 1.00000
10 1.00000 0.80000
6 1.00000 1.00000
4 1.00000 1.00000
3 1.00000 1.00000
26 1.00000 0.76923
26 1.00000 0.50000
12 1.00000 0.91667
11 1.00000 1.00000
10 1.00000 1.00000
10 0.83333 1.00000
8 1.00000 1.00000
7 1.00000 1.00000
7 1.00000 1.00000
5 0.62500 1.00000
5 1.00000 1.00000
4 1.00000 1.00000
3 1.00000 1.00000
24 0.71875 0.95833
22 0.91667 0.50000
16 1.00000 1.00000
14 1.00000 0.78571
10 0.90909 1.00000
4 1.00000 1.00000
52 1.00000 1.00000
10 1.00000 1.00000
7 1.00000 1.00000
3 1.00000 1.00000
3 1.00000 1.00000
3 1.00000 1.00000
3 1.00000 1.00000
7 1.00000 1.00000
6 1.00000 1.00000
34 1.00000 0.82353
17 1.00000 0.88235
10 1.00000 1.00000
9 1.00000 1.00000
8 1.00000 0.62500
7 1.00000 1.00000
7 1.00000 1.00000
6 1.00000 1.00000
4 1.00000 1.00000
3 1.00000 1.00000
3 1.00000 1.00000
14 0.58333 1.00000
4 1.00000 1.00000
3 1.00000 1.00000
7 1.00000 1.00000
3 1.00000 1.00000
7 1.00000 1.00000
3 1.00000 1.00000
7 1.00000 1.00000
3 1.00000 1.00000
7 1.00000 1.00000
3 1.00000 1.00000
7 1.00000 1.00000
3 1.00000 1.00000
15 0.93750 1.00000
3 1.00000 1.00000
6 1.00000 1.00000
5 1.00000 1.00000
6 1.00000 1.00000
5 1.00000 1.00000
51 0.90000 0.35294
44 1.00000 0.45455
43 1.00000 0.27907
33 0.93103 0.81818
32 1.00000 0.75000
31 1.00000 0.48387
29 0.85185 0.79310
27 1.00000 0.33333
25 0.85185 0.92000
23 1.00000 0.95652
22 1.00000 0.59091
19 0.95000 1.00000
16 1.00000 1.00000
12 0.91667 0.91667
9 1.00000 1.00000
6 1.00000 1.00000
6 1.00000 1.00000
5 1.00000 1.00000
7 1.00000 1.00000
32 1.00000 0.28125
15 1.00000 0.53333
8 1.00000 0.50000
8 0.80000 1.00000
4 1.00000 1.00000
3 1.00000 1.00000
3 1.00000 1.00000
3 1.00000 1.00000
3 1.00000 1.00000
3 1.00000 1.00000
3 1.00000 1.00000
26 0.88462 0.88462
19 1.00000 0.94737
14 1.00000 0.71429
10 0.71429 1.00000
10 1.00000 0.80000
6 1.00000 1.00000
4 1.00000 1.00000
3 1.00000 1.00000
6 0.85714 1.00000
3 1.00000 1.00000
13 0.92857 1.00000
13 1.00000 1.00000
11 1.00000 1.00000
11 1.00000 0.54545
10 1.00000 0.90000
8 1.00000 1.00000
8 1.00000 1.00000
7 1.00000 0.85714
7 1.00000 1.00000
6 1.00000 0.50000
6 1.00000 1.00000
6 1.00000 1.00000
5 1.00000 1.00000
5 1.00000 1.00000
5 1.00000 1.00000
5 1.00000 1.00000
4 1.00000 1.00000
4 1.00000 1.00000
4 1.00000 1.00000
3 1.00000 1.00000
3 1.00000 1.00000
46 1.00000 0.30435
34 0.90000 0.52941
27 1.00000 0.25926
25 1.00000 0.72000
21 1.00000 0.76190
20 1.00000 0.40000
17 1.00000 0.76471
17 1.00000 0.47059
14 1.00000 0.85714
8 1.00000 0.87500
5 1.00000 1.00000
5 1.00000 1.00000
4 1.00000 1.00000
21 0.95238 0.95238
18 0.94118 0.88889
18 1.00000 0.83333
3 1.00000 1.00000
29 0.92857 0.89655
16 1.00000 0.87500
13 1.00000 1.00000
11 1.00000 1.00000
10 0.83333 1.00000
9 0.90000 1.00000
7 1.00000 1.00000
7 1.00000 0.85714
6 1.00000 1.00000
5 0.62500 1.00000
5 1.00000 1.00000
4 1.00000 1.00000
3 1.00000 1.00000
22 1.00000 0.81818
6 1.00000 1.00000
6 1.00000 1.00000
6 1.00000 1.00000
6 1.00000 1.00000
4 1.00000 1.00000
3 1.00000 1.00000
4 1.00000 1.00000
4 1.00000 1.00000
3 1.00000 1.00000
3 1.00000 1.00000
5 1.00000 1.00000
52 1.00000 1.00000
45 1.00000 0.51111
10 1.00000 1.00000
7 1.00000 1.00000
6 1.00000 1.00000
3 1.00000 1.00000
22 1.00000 0.81818
8 0.80000 1.00000
6 1.00000 1.00000
6 1.00000 1.00000
9 1.00000 1.00000
6 1.00000 1.00000
5 1.00000 1.00000
5 1.00000 1.00000
5 1.00000 1.00000
4 1.00000 1.00000
9 1.00000 1.00000
6 1.00000 1.00000
5 1.00000 1.00000
5 1.00000 1.00000
5 1.00000 1.00000
4 1.00000 1.00000
20 1.00000 0.85000
12 1.00000 1.00000
9 0.81818 1.00000
8 0.80000 1.00000
8 1.00000 1.00000
7 0.63636 1.00000
6 1.00000 1.00000
4 1.00000 1.00000
4 1.00000 1.00000
20 1.00000 0.85000
12 1.00000 1.00000
9 0.81818 1.00000
8 0.80000 1.00000
8 1.00000 1.00000
7 0.63636 1.00000
6 1.00000 1.00000
4 1.00000 1.00000
4 1.00000 1.00000
20 1.00000 0.85000
12 1.00000 1.00000
9 0.81818 1.00000
8 0.80000 1.00000
8 1.00000 1.00000
7 0.63636 1.00000
6 1.00000 1.00000
4 1.00000 1.00000
4 1.00000 1.00000
6 1.00000 0.33333
27 0.86667 0.96296
20 1.00000 0.80000
11 1.00000 0.81818
10 1.00000 1.00000
8 0.80000 1.00000
8 0.88889 1.00000
8 1.00000 0.87500
7 1.00000 1.00000
6 1.00000 1.00000
4 1.00000 1.00000
58 1.00000 0.25862
47 0.97297 0.76596
20 0.86957 1.00000
14 1.00000 1.00000
11 1.00000 1.00000
11 1.00000 1.00000
7 1.00000 1.00000
5 1.00000 1.00000
5 1.00000 1.00000
4 1.00000 1.00000
31 1.00000 0.90323
23 1.00000 0.65217
11 1.00000 1.00000
10 1.00000 1.00000
8 1.00000 1.00000
8 1.00000 1.00000
4 1.00000 1.00000
4 1.00000 1.00000
3 1.00000 1.00000
3 1.00000 1.00000
7 1.00000 1.00000
5 1.00000 1.00000
4 1.00000 1.00000
16 0.93333 0.87500
14 1.00000 1.00000
10 1.00000 1.00000
9 0.90000 1.00000
9 1.00000 1.00000
9 0.90000 1.00000
8 1.00000 0.87500
7 1.00000 1.00000
7 0.87500 1.00000
7 0.77778 1.00000
6 1.00000 0.50000
20 1.00000 0.85000
3 1.00000 1.00000
3 1.00000 1.00000
154 0.96970 0.41558
133 0.97959 0.36090
83 0.95122 0.46988
68 0.88095 0.54412
58 1.00000 0.25862
50 1.00000 0.58000
42 0.89189 0.78571
42 0.90909 0.47619
35 1.00000 0.62857
30 1.00000 0.66667
21 0.92308 0.57143
21 0.95238 0.95238
21 1.00000 0.90476
21 1.00000 0.71429
18 1.00000 0.94444
14 1.00000 1.00000
10 1.00000 1.00000
10 1.00000 1.00000
10 1.00000 1.00000
9 1.00000 1.00000
7 1.00000 1.00000
4 1.00000 1.00000
3 1.00000 1.00000
37 0.95238 0.54054
12 1.00000 1.00000
11 1.00000 0.36364
6 1.00000 0.83333
6 1.00000 1.00000
6 1.00000 1.00000
5 1.00000 1.00000
4 1.00000 1.00000
4 1.00000 1.00000
3 1.00000 1.00000
3 1.00000 1.00000
3 1.00000 1.00000
22 1.00000 0.81818
11 1.00000 1.00000
4 1.00000 1.00000
11 1.00000 1.00000
5 1.00000 1.00000
3 1.00000 1.00000
32 1.00000 0.28125
11 1.00000 1.00000
69 1.00000 0.26087
40 1.00000 0.32500
31 1.00000 0.54839
28 0.93333 0.50000
25 1.00000 0.84000
25 1.00000 0.60000
16 1.00000 1.00000
14 0.82353 1.00000
11 1.00000 0.81818
11 1.00000 1.00000
10 1.00000 0.90000
10 1.00000 0.90000
10 1.00000 1.00000
10 1.00000 1.00000
8 0.88889 1.00000
8 0.88889 1.00000
8 1.00000 0.62500
7 1.00000 1.00000
6 1.00000 1.00000
6 1.00000 1.00000
6 1.00000 0.83333
6 1.00000 0.66667
6 0.85714 1.00000
5 1.00000 1.00000
5 1.00000 1.00000
4 1.00000 1.00000
4 1.00000 1.00000
4 1.00000 1.00000
3 1.00000 1.00000
3 1.00000 1.00000
9 1.00000 0.88889
4 1.00000 1.00000
3 1.00000 1.00000
152 0.96875 0.20395
120 1.00000 0.08333
33 1.00000 0.30303
28 1.00000 0.78571
23 1.00000 0.69565
8 1.00000 1.00000
7 1.00000 1.00000
6 0.85714 1.00000
3 1.00000 1.00000
3 1.00000 1.00000
37 1.00000 0.32432
27 1.00000 0.96296
24 0.71875 0.95833
23 1.00000 0.52174
21 1.00000 0.52381
17 1.00000 0.94118
16 0.93750 0.93750
15 1.00000 0.73333
13 0.81250 1.00000
11 1.00000 0.81818
11 1.00000 1.00000
9 0.90000 1.00000
5 1.00000 1.00000
4 1.00000 1.00000
4 1.00000 1.00000
4 1.00000 1.00000
13 0.81250 1.00000
9 1.00000 1.00000
6 0.85714 1.00000
6 1.00000 0.83333
3 1.00000 1.00000
18 1.00000 0.55556
14 0.58333 1.00000
11 1.00000 1.00000
8 1.00000 1.00000
6 1.00000 1.00000
3 1.00000 1.00000
18 1.00000 0.55556
14 0.58333 1.00000
11 1.00000 1.00000
8 1.00000 1.00000
6 1.00000 1.00000
3 1.00000 1.00000
96 1.00000 0.28125
61 0.98000 0.80328
44 0.96774 0.68182
33 1.00000 0.96970
30 1.00000 0.70000
25 1.00000 0.88000
23 0.95000 0.82609
23 1.00000 0.52174
22 0.93750 0.68182
20 0.90909 1.00000
17 1.00000 0.94118
16 1.00000 1.00000
14 1.00000 0.78571
11 0.91667 1.00000
11 1.00000 1.00000
10 1.00000 1.00000
10 1.00000 1.00000
10 1.00000 0.90000
9 1.00000 1.00000
8 0.80000 1.00000
5 1.00000 1.00000
6 1.00000 1.00000
3 1.00000 1.00000
3 1.00000 1.00000
3 1.00000 1.00000
3 1.00000 1.00000
3 1.00000 1.00000
3 1.00000 1.00000
15 0.93750 1.00000
3 1.00000 1.00000
3 1.00000 1.00000
7 1.00000 0.85714
4 1.00000 1.00000
3 1.00000 1.00000
3 1.00000 1.00000
26 1.00000 0.50000
23 1.00000 0.47826
19 1.00000 0.89474
14 1.00000 0.92857
7 1.00000 1.00000
5 1.00000 1.00000
3 1.00000 1.00000
3 1.00000 1.00000
4 1.00000 1.00000
25 1.00000 0.40000
8 1.00000 1.00000
7 0.87500 1.00000
6 0.85714 1.00000
6 1.00000 0.83333
3 1.00000 1.00000
3 1.00000 1.00000
25 1.00000 0.52000
22 0.42308 1.00000
3 1.00000 1.00000
25 1.00000 0.40000
8 1.00000 1.00000
7 0.87500 1.00000
6 0.85714 1.00000
6 1.00000 0.83333
3 1.00000 1.00000
25 1.00000 0.40000
8 1.00000 1.00000
7 0.87500 1.00000
6 0.85714 1.00000
6 1.00000 0.83333
3 1.00000 1.00000
9 1.00000 0.88889
8 1.00000 0.87500
8 1.00000 1.00000
3 1.00000 1.00000
3 1.00000 1.00000
26 1.00000 0.42308
22 1.00000 0.77273
17 1.00000 0.70588
15 0.93750 1.00000
10 1.00000 1.00000
10 1.00000 0.90000
10 1.00000 1.00000
9 1.00000 1.00000
8 1.00000 1.00000
8 1.00000 1.00000
7 1.00000 0.57143
6 1.00000 0.83333
6 1.00000 1.00000
5 1.00000 1.00000
5 1.00000 1.00000
5 1.00000 0.80000
5 1.00000 1.00000
4 1.00000 1.00000
4 1.00000 1.00000
4 1.00000 1.00000
3 1.00000 1.00000
3 1.00000 1.00000
60 1.00000 0.23333
41 1.00000 0.70732
31 0.95000 0.61290
17 1.00000 0.82353
16 1.00000 1.00000
9 1.00000 1.00000
8 1.00000 1.00000
6 0.85714 1.00000
5 1.00000 1.00000
3 1.00000 1.00000
16 0.76190 1.00000
10 1.00000 1.00000
5 1.00000 1.00000
5 1.00000 1.00000
4 1.00000 1.00000
4 1.00000 1.00000
16 0.76190 1.00000
10 1.00000 1.00000
5 1.00000 1.00000
5 1.00000 1.00000
4 1.00000 1.00000
4 1.00000 1.00000
3 1.00000 1.00000
3 1.00000 1.00000
3 1.00000 1.00000
3 1.00000 1.00000
31 1.00000 0.90323
4 1.00000 1.00000
50 0.86364 0.38000
46 1.00000 0.13043
41 1.00000 0.09756
40 0.90000 0.45000
34 1.00000 0.47059
28 1.00000 0.46429
27 1.00000 0.44444
19 1.00000 0.63158
17 1.00000 0.82353
11 0.68750 1.00000
10 0.71429 1.00000
9 1.00000 1.00000
9 1.00000 1.00000
8 0.80000 1.00000
5 1.00000 1.00000
16 1.00000 1.00000
10 0.76923 1.00000
33 1.00000 0.81818
33 1.00000 0.84848
23 1.00000 0.56522
23 0.88889 0.34783
18 1.00000 1.00000
16 1.00000 0.81250
14 1.00000 1.00000
12 0.92308 1.00000
12 0.92308 1.00000
10 1.00000 1.00000
9 1.00000 0.55556
9 1.00000 0.88889
8 1.00000 1.00000
8 1.00000 1.00000
8 1.00000 1.00000
5 1.00000 1.00000
4 1.00000 1.00000
9 1.00000 1.00000
8 1.00000 1.00000
7 1.00000 1.00000
7 1.00000 1.00000
5 1.00000 1.00000
5 1.00000 1.00000
4 1.00000 1.00000
4 1.00000 1.00000
3 1.00000 1.00000
3 1.00000 1.00000
3 1.00000 1.00000
90 1.00000 0.73333
54 1.00000 0.64815
44 0.95455 0.47727
41 1.00000 0.70732
35 1.00000 0.62857
30 1.00000 0.66667
15 0.92857 0.86667
14 1.00000 0.92857
13 0.92857 1.00000
13 1.00000 1.00000
13 0.92857 1.00000
11 1.00000 1.00000
10 1.00000 1.00000
9 1.00000 0.88889
9 1.00000 1.00000
9 1.00000 1.00000
8 1.00000 1.00000
7 1.00000 1.00000
7 1.00000 1.00000
4 1.00000 1.00000
18 1.00000 0.61111
3 1.00000 1.00000
101 1.00000 0.10891
22 1.00000 0.86364
14 1.00000 0.50000
13 1.00000 0.84615
13 0.81250 1.00000
12 1.00000 1.00000
8 0.80000 1.00000
4 1.00000 1.00000
3 1.00000 1.00000
3 1.00000 1.00000
3 1.00000 1.00000
312 1.00000 0.08013
49 1.00000 0.28571
41 1.00000 0.24390
30 1.00000 0.30000
25 1.00000 0.72000
20 1.00000 0.90000
15 0.92857 0.86667
6 1.00000 1.00000
4 1.00000 1.00000
3 1.00000 1.00000
21 0.94118 0.76190
12 1.00000 0.83333
11 1.00000 0.90909
10 0.90909 1.00000
10 0.83333 1.00000
8 1.00000 0.87500
4 1.00000 1.00000
4 1.00000 1.00000
4 1.00000 1.00000
3 1.00000 1.00000
3 1.00000 1.00000
3 1.00000 1.00000
3 1.00000 1.00000
3 1.00000 1.00000
3 1.00000 1.00000
3 1.00000 1.00000
16 1.00000 0.93750
10 1.00000 1.00000
9 0.90000 1.00000
6 1.00000 0.83333
5 1.00000 1.00000
3 1.00000 1.00000
3 1.00000 1.00000
12 1.00000 0.91667
5 1.00000 1.00000
4 1.00000 1.00000
3 1.00000 1.00000
6 1.00000 1.00000
129 1.00000 0.22481
100 1.00000 0.27000
65 1.00000 0.49231
62 1.00000 0.80645
59 1.00000 0.40678
58 1.00000 0.50000
54 1.00000 0.55556
49 1.00000 0.63265
46 0.95000 0.41304
39 1.00000 0.30769
35 0.92308 0.34286
33 1.00000 0.96970
33 0.94286 1.00000
33 1.00000 0.60606
30 1.00000 0.70000
30 1.00000 0.50000
28 1.00000 0.21429
27 1.00000 0.81481
27 1.00000 0.96296
26 1.00000 0.42308
25 1.00000 0.88000
23 0.95000 0.82609
23 1.00000 0.52174
22 0.93750 0.68182
21 1.00000 0.33333
19 1.00000 0.84211
19 1.00000 1.00000
17 1.00000 0.94118
17 1.00000 0.88235
17 1.00000 0.94118
15 0.78947 1.00000
12 1.00000 0.83333
11 1.00000 1.00000
11 1.00000 1.00000
10 1.00000 1.00000
10 1.00000 0.90000
9 0.90000 1.00000
9 1.00000 0.88889
9 1.00000 1.00000
9 1.00000 1.00000
8 0.80000 1.00000
7 1.00000 0.85714
5 1.00000 1.00000
5 1.00000 1.00000
5 1.00000 1.00000
19 1.00000 0.52632
14 0.58333 1.00000
11 1.00000 1.00000
9 1.00000 0.88889
6 1.00000 1.00000
19 1.00000 0.52632
14 0.58333 1.00000
11 1.00000 1.00000
9 1.00000 0.88889
6 1.00000 1.00000
11 1.00000 0.90909
10 1.00000 0.90000
8 1.00000 1.00000
6 1.00000 1.00000
4 1.00000 1.00000
4 1.00000 1.00000
3 1.00000 1.00000
11 1.00000 0.90909
10 1.00000 0.90000
8 1.00000 1.00000
6 1.00000 1.00000
4 1.00000 1.00000
4 1.00000 1.00000
3 1.00000 1.00000
11 1.00000 0.90909
10 1.00000 0.90000
8 1.00000 1.00000
6 1.00000 1.00000
4 1.00000 1.00000
4 1.00000 1.00000
3 1.00000 1.00000
3 1.00000 1.00000
3 1.00000 1.00000
11 1.00000 0.90909
10 1.00000 0.90000
8 1.00000 1.00000
6 1.00000 1.00000
4 1.00000 1.00000
4 1.00000 1.00000
3 1.00000 1.00000
8 1.00000 1.00000
7 1.00000 0.85714
15 0.73684 0.93333
5 1.00000 1.00000
4 1.00000 1.00000
8 1.00000 0.87500
8 1.00000 1.00000
8 1.00000 1.00000
6 0.75000 1.00000
4 1.00000 1.00000
4 1.00000 1.00000
3 1.00000 1.00000
3 1.00000 1.00000
3 1.00000 1.00000
9 1.00000 1.00000
8 1.00000 1.00000
7 1.00000 0.85714
24 1.00000 0.79167
22 0.94118 0.72727
17 1.00000 0.58824
14 1.00000 0.50000
11 1.00000 1.00000
11 1.00000 0.90909
10 0.83333 1.00000
6 1.00000 0.83333
5 1.00000 1.00000
4 1.00000 1.00000
4 1.00000 1.00000
4 1.00000 1.00000
4 1.00000 1.00000
3 1.00000 1.00000
3 1.00000 1.00000
3 1.00000 1.00000
3 1.00000 1.00000
20 1.00000 0.85000
3 1.00000 1.00000
3 1.00000 1.00000
3 1.00000 1.00000
3 1.00000 1.00000
11 1.00000 0.90909
10 1.00000 0.90000
8 1.00000 1.00000
6 1.00000 1.00000
4 1.00000 1.00000
4 1.00000 1.00000
3 1.00000 1.00000
37 1.00000 0.21622
14 0.58333 1.00000
9 1.00000 0.88889
9 1.00000 1.00000
7 1.00000 1.00000
6 1.00000 1.00000
4 1.00000 1.00000
8 1.00000 0.75000
4 1.00000 1.00000
3 1.00000 1.00000
18 1.00000 0.55556
6 1.00000 1.00000
4 1.00000 1.00000
19 1.00000 0.89474
11 1.00000 1.00000
9 1.00000 1.00000
7 1.00000 0.85714
6 1.00000 1.00000
5 1.00000 1.00000
4 1.00000 1.00000
4 1.00000 1.00000
4 1.00000 1.00000
3 1.00000 1.00000
3 1.00000 1.00000
3 1.00000 1.00000
3 1.00000 1.00000
8 1.00000 0.75000
4 1.00000 1.00000
3 1.00000 1.00000
26 1.00000 0.50000
19 1.00000 0.89474
14 1.00000 0.92857
11 1.00000 1.00000
8 1.00000 1.00000
7 1.00000 1.00000
7 1.00000 0.85714
5 1.00000 1.00000
4 1.00000 1.00000
3 1.00000 1.00000
3 1.00000 1.00000
3 1.00000 1.00000
69 1.00000 0.26087
40 1.00000 0.32500
25 1.00000 0.60000
24 1.00000 0.83333
17 1.00000 0.94118
17 1.00000 0.64706
15 1.00000 0.53333
14 1.00000 0.50000
13 1.00000 0.61538
12 1.00000 0.91667
11 1.00000 0.90909
11 1.00000 0.81818
10 1.00000 0.90000
10 1.00000 1.00000
10 1.00000 0.90000
9 1.00000 1.00000
9 0.90000 1.00000
8 1.00000 0.87500
7 1.00000 1.00000
6 1.00000 0.83333
6 1.00000 0.66667
6 1.00000 1.00000
6 1.00000 0.83333
6 0.85714 1.00000
5 1.00000 1.00000
5 1.00000 1.00000
5 1.00000 1.00000
5 1.00000 1.00000
4 1.00000 1.00000
4 1.00000 1.00000
4 1.00000 1.00000
3 1.00000 1.00000
3 1.00000 1.00000
3 1.00000 1.00000
3 1.00000 1.00000
5 1.00000 1.00000
47 1.00000 0.38298
32 1.00000 0.62500
28 1.00000 0.42857
26 1.00000 0.42308
25 1.00000 0.56000
25 1.00000 0.36000
22 1.00000 0.45455
19 1.00000 0.57895
16 1.00000 0.87500
15 0.93750 1.00000
14 1.00000 0.92857
14 1.00000 1.00000
12 1.00000 0.58333
12 1.00000 1.00000
11 1.00000 1.00000
11 1.00000 0.54545
11 1.00000 0.54545
11 1.00000 0.90909
10 1.00000 1.00000
10 1.00000 1.00000
10 1.00000 0.90000
9 0.75000 1.00000
8 1.00000 1.00000
7 0.87500 1.00000
7 1.00000 0.71429
7 1.00000 0.57143
6 0.85714 1.00000
6 1.00000 1.00000
6 1.00000 1.00000
5 1.00000 1.00000
5 1.00000 1.00000
5 1.00000 1.00000
5 1.00000 0.80000
5 1.00000 1.00000
4 1.00000 1.00000
4 1.00000 1.00000
4 1.00000 1.00000
4 1.00000 1.00000
4 1.00000 1.00000
4 1.00000 1.00000
3 1.00000 1.00000
3 1.00000 1.00000
3 1.00000 1.00000
3 1.00000 1.00000
3 1.00000 1.00000
3 1.00000 1.00000
3 1.00000 1.00000
9 1.00000 0.88889
4 1.00000 1.00000
9 1.00000 0.88889
4 1.00000 1.00000
21 0.95455 1.00000
18 1.00000 0.88889
15 1.00000 1.00000
9 1.00000 1.00000
8 0.88889 1.00000
4 1.00000 1.00000
6 1.00000 0.33333
3 1.00000 1.00000
17 1.00000 0.94118
15 0.93750 1.00000
5 1.00000 1.00000
3 1.00000 1.00000
32 1.00000 0.28125
16 1.00000 1.00000
16 1.00000 0.87500
15 0.93750 1.00000
8 0.80000 1.00000
6 1.00000 1.00000
6 1.00000 1.00000
6 1.00000 1.00000
6 1.00000 1.00000
4 1.00000 1.00000
3 1.00000 1.00000
3 1.00000 1.00000
140 0.97959 0.34286
42 0.89189 0.78571
35 1.00000 0.62857
28 0.92857 0.92857
21 0.92308 0.57143
21 1.00000 0.90476
21 1.00000 0.90476
20 0.86957 1.00000
19 0.94737 0.94737
15 0.90000 0.60000
14 0.92857 0.92857
14 1.00000 1.00000
9 1.00000 1.00000
9 1.00000 0.88889
7 1.00000 1.00000
7 1.00000 1.00000
5 1.00000 1.00000
4 1.00000 1.00000
3 1.00000 1.00000
3 1.00000 1.00000
6 1.00000 1.00000
28 1.00000 0.85714
26 1.00000 0.50000
26 1.00000 0.46154
25 1.00000 0.64000
17 1.00000 0.88235
16 1.00000 0.75000
16 1.00000 1.00000
16 1.00000 0.87500
14 1.00000 0.85714
13 1.00000 0.92308
13 1.00000 0.76923
11 1.00000 1.00000
11 1.00000 1.00000
10 1.00000 0.90000
10 1.00000 0.80000
10 0.83333 1.00000
8 1.00000 1.00000
8 1.00000 1.00000
8 1.00000 0.50000
7 1.00000 1.00000
7 1.00000 0.85714
7 1.00000 1.00000
7 1.00000 1.00000
6 1.00000 1.00000
6 1.00000 1.00000
6 1.00000 0.66667
6 1.00000 1.00000
6 1.00000 1.00000
5 1.00000 1.00000
4 1.00000 1.00000
4 1.00000 1.00000
4 1.00000 1.00000
4 1.00000 1.00000
4 1.00000 1.00000
3 1.00000 1.00000
3 1.00000 1.00000
3 1.00000 1.00000
3 1.00000 1.00000
3 1.00000 1.00000
3 1.00000 1.00000
3 1.00000 1.00000
4 1.00000 1.00000
4 1.00000 1.00000
3 1.00000 1.00000
18 1.00000 0.44444
7 1.00000 1.00000
4 1.00000 1.00000
3 1.00000 1.00000
3 1.00000 1.00000
3 1.00000 1.00000
3 1.00000 1.00000
3 1.00000 1.00000
3 1.00000 1.00000
3 1.00000 1.00000
14 0.66667 1.00000
34 1.00000 0.41176
31 1.00000 0.87097
17 1.00000 0.82353
14 1.00000 0.64286
11 1.00000 0.90909
7 1.00000 0.85714
6 1.00000 0.83333
6 0.85714 1.00000
4 1.00000 1.00000
3 1.00000 1.00000
3 1.00000 1.00000
3 1.00000 1.00000
3 1.00000 1.00000
3 1.00000 1.00000
23 1.00000 0.56522
19 1.00000 0.57895
12 1.00000 0.83333
76 1.00000 0.30263
28 1.00000 0.39286
10 1.00000 0.50000
10 1.00000 1.00000
9 1.00000 0.55556
9 1.00000 0.88889
9 1.00000 1.00000
6 1.00000 1.00000
5 1.00000 0.80000
4 1.00000 1.00000
52 1.00000 1.00000
37 1.00000 0.21622
25 1.00000 0.52000
11 1.00000 1.00000
9 1.00000 0.88889
7 1.00000 1.00000
6 1.00000 1.00000
6 1.00000 1.00000
3 1.00000 1.00000
3 1.00000 1.00000
3 1.00000 1.00000
3 1.00000 1.00000
3 1.00000 1.00000
52 1.00000 1.00000
37 1.00000 0.21622
25 1.00000 0.52000
10 1.00000 0.80000
9 1.00000 0.88889
7 1.00000 1.00000
6 1.00000 1.00000
6 1.00000 1.00000
3 1.00000 1.00000
3 1.00000 1.00000
3 1.00000 1.00000
3 1.00000 1.00000
3 1.00000 1.00000
52 1.00000 1.00000
37 1.00000 0.21622
25 1.00000 0.52000
10 1.00000 0.80000
9 1.00000 0.88889
7 1.00000 1.00000
6 1.00000 1.00000
6 1.00000 1.00000
3 1.00000 1.00000
3 1.00000 1.00000
3 1.00000 1.00000
3 1.00000 1.00000
3 1.00000 1.00000
15 0.73684 0.93333
10 1.00000 1.00000
8 1.00000 0.50000
7 1.00000 1.00000
5 1.00000 1.00000
4 1.00000 1.00000
3 1.00000 1.00000
3 1.00000 1.00000
52 1.00000 1.00000
37 1.00000 0.21622
25 1.00000 0.52000
10 1.00000 0.80000
9 1.00000 0.88889
7 1.00000 1.00000
6 1.00000 1.00000
6 1.00000 1.00000
3 1.00000 1.00000
3 1.00000 1.00000
3 1.00000 1.00000
3 1.00000 1.00000
3 1.00000 1.00000
9 0.81818 1.00000
4 1.00000 1.00000
3 1.00000 1.00000
3 1.00000 1.00000
8 0.88889 1.00000
6 0.85714 1.00000
4 1.00000 1.00000
3 1.00000 1.00000
3 1.00000 1.00000
3 1.00000 1.00000
61 1.00000 0.26230
37 1.00000 0.48649
34 1.00000 0.41176
32 1.00000 0.28125
25 1.00000 0.84000
21 1.00000 0.57143
21 0.94444 0.80952
20 0.58333 0.70000
16 1.00000 1.00000
16 1.00000 0.87500
14 1.00000 0.50000
14 0.92857 0.92857
11 1.00000 0.90909
11 1.00000 0.81818
8 1.00000 1.00000
8 0.88889 1.00000
7 1.00000 1.00000
6 1.00000 1.00000
6 1.00000 1.00000
6 1.00000 1.00000
5 1.00000 1.00000
5 1.00000 1.00000
4 1.00000 1.00000
3 1.00000 1.00000
3 1.00000 1.00000
3 1.00000 1.00000
6 1.00000 0.33333
3 1.00000 1.00000
61 1.00000 0.26230
37 1.00000 0.48649
34 1.00000 0.41176
32 1.00000 0.28125
25 1.00000 0.84000
21 1.00000 0.57143
21 0.94444 0.80952
20 0.58333 0.70000
16 1.00000 1.00000
16 1.00000 0.87500
14 1.00000 0.50000
14 0.92857 0.92857
11 1.00000 0.90909
11 1.00000 0.81818
8 1.00000 1.00000
8 0.88889 1.00000
7 1.00000 1.00000
6 1.00000 1.00000
6 1.00000 1.00000
6 1.00000 1.00000
5 1.00000 1.00000
5 1.00000 1.00000
4 1.00000 1.00000
3 1.00000 1.00000
3 1.00000 1.00000
3 1.00000 1.00000
8 1.00000 0.87500
6 1.00000 1.00000
6 1.00000 1.00000
6 1.00000 1.00000
9 1.00000 0.88889
4 1.00000 1.00000
4 1.00000 1.00000
3 1.00000 1.00000
3 1.00000 1.00000
8 0.80000 1.00000
6 1.00000 1.00000
3 1.00000 1.00000
3 1.00000 1.00000
20 1.00000 0.85000
19 1.00000 0.52632
14 0.58333 1.00000
12 1.00000 1.00000
11 1.00000 0.90909
11 1.00000 1.00000
10 1.00000 0.90000
9 1.00000 0.88889
9 0.81818 1.00000
8 1.00000 1.00000
8 1.00000 1.00000
7 0.63636 1.00000
6 1.00000 1.00000
6 1.00000 1.00000
6 1.00000 1.00000
6 1.00000 1.00000
5 1.00000 1.00000
4 1.00000 1.00000
4 1.00000 1.00000
4 1.00000 1.00000
3 1.00000 1.00000
20 1.00000 0.85000
19 1.00000 0.52632
14 0.58333 1.00000
12 1.00000 1.00000
11 1.00000 0.90909
11 1.00000 1.00000
10 1.00000 0.90000
9 1.00000 0.88889
9 0.81818 1.00000
8 1.00000 1.00000
8 1.00000 1.00000
7 0.63636 1.00000
6 1.00000 1.00000
6 1.00000 1.00000
6 1.00000 1.00000
6 1.00000 1.00000
5 1.00000 1.00000
4 1.00000 1.00000
4 1.00000 1.00000
4 1.00000 1.00000
3 1.00000 1.00000
8 0.80000 1.00000
6 1.00000 1.00000
3 1.00000 1.00000
3 1.00000 1.00000
62 0.93103 0.43548
13 1.00000 0.53846
10 1.00000 0.90000
9 1.00000 1.00000
9 1.00000 0.88889
8 1.00000 1.00000
8 1.00000 0.62500
7 1.00000 1.00000
7 1.00000 0.85714
7 1.00000 1.00000
7 1.00000 1.00000
7 1.00000 1.00000
6 1.00000 1.00000
6 1.00000 1.00000
6 1.00000 1.00000
6 1.00000 0.83333
6 1.00000 1.00000
6 1.00000 0.83333
6 0.85714 1.00000
6 1.00000 1.00000
5 0.83333 1.00000
5 1.00000 1.00000
5 1.00000 1.00000
5 1.00000 1.00000
5 1.00000 1.00000
5 1.00000 1.00000
5 1.00000 1.00000
5 1.00000 1.00000
4 1.00000 1.00000
4 1.00000 1.00000
4 1.00000 1.00000
4 1.00000 1.00000
4 1.00000 1.00000
4 1.00000 1.00000
4 1.00000 1.00000
4 1.00000 1.00000
4 1.00000 1.00000
4 1.00000 1.00000
4 1.00000 1.00000
4 1.00000 1.00000
4 1.00000 1.00000
3 1.00000 1.00000
3 1.00000 1.00000
3 1.00000 1.00000
3 1.00000 1.00000
3 1.00000 1.00000
3 1.00000 1.00000
3 1.00000 1.00000
3 1.00000 1.00000
3 1.00000 1.00000
3 1.00000 1.00000
3 1.00000 1.00000
3 1.00000 1.00000
3 1.00000 1.00000
22 1.00000 0.86364
12 0.92308 1.00000
10 0.76923 1.00000
3 1.00000 1.00000
3 1.00000 1.00000
3 1.00000 1.00000
3 1.00000 1.00000
3 1.00000 1.00000
11 1.00000 0.90909
11 1.00000 1.00000
10 1.00000 0.90000
9 1.00000 1.00000
8 1.00000 1.00000
8 1.00000 0.75000
7 1.00000 0.85714
7 1.00000 0.85714
6 1.00000 1.00000
6 1.00000 1.00000
5 1.00000 1.00000
4 1.00000 1.00000
4 1.00000 1.00000
4 1.00000 1.00000
4 1.00000 1.00000
4 1.00000 1.00000
4 1.00000 1.00000
3 1.00000 1.00000
3 1.00000 1.00000
3 1.00000 1.00000
3 1.00000 1.00000
3 1.00000 1.00000
3 1.00000 1.00000
11 1.00000 0.90909
11 1.00000 1.00000
10 1.00000 0.90000
9 1.00000 1.00000
8 1.00000 1.00000
8 1.00000 0.75000
7 1.00000 0.85714
7 1.00000 0.85714
6 1.00000 1.00000
6 1.00000 1.00000
5 1.00000 1.00000
4 1.00000 1.00000
4 1.00000 1.00000
4 1.00000 1.00000
4 1.00000 1.00000
4 1.00000 1.00000
4 1.00000 1.00000
3 1.00000 1.00000
3 1.00000 1.00000
3 1.00000 1.00000
3 1.00000 1.00000
3 1.00000 1.00000
3 1.00000 1.00000
18 1.00000 0.61111
8 0.80000 1.00000
6 1.00000 1.00000
3 1.00000 1.00000
3 1.00000 1.00000
3 1.00000 1.00000
3 1.00000 1.00000
62 0.93103 0.43548
13 1.00000 0.53846
10 1.00000 0.90000
9 1.00000 1.00000
9 1.00000 0.88889
8 1.00000 1.00000
8 1.00000 0.87500
8 1.00000 1.00000
8 1.00000 0.62500
7 1.00000 1.00000
7 1.00000 1.00000
7 1.00000 1.00000
7 1.00000 1.00000
7 1.00000 0.85714
7 1.00000 1.00000
7 1.00000 1.00000
7 1.00000 1.00000
7 1.00000 1.00000
6 1.00000 1.00000
6 1.00000 1.00000
6 1.00000 1.00000
6 1.00000 0.83333
6 1.00000 1.00000
6 1.00000 0.83333
6 0.85714 1.00000
6 1.00000 1.00000
5 0.83333 1.00000
5 1.00000 1.00000
5 1.00000 1.00000
5 1.00000 1.00000
5 1.00000 1.00000
5 1.00000 1.00000
5 1.00000 1.00000
5 1.00000 1.00000
4 1.00000 1.00000
4 1.00000 1.00000
4 1.00000 1.00000
4 1.00000 1.00000
4 1.00000 1.00000
4 1.00000 1.00000
4 1.00000 1.00000
4 1.00000 1.00000
4 1.00000 1.00000
4 1.00000 1.00000
4 1.00000 1.00000
4 1.00000 1.00000
4 1.00000 1.00000
4 1.00000 1.00000
4 1.00000 1.00000
3 1.00000 1.00000
3 1.00000 1.00000
3 1.00000 1.00000
3 1.00000 1.00000
3 1.00000 1.00000
3 1.00000 1.00000
3 1.00000 1.00000
3 1.00000 1.00000
3 1.00000 1.00000
3 1.00000 1.00000
3 1.00000 1.00000
3 1.00000 1.00000
3 1.00000 1.00000
3 1.00000 1.00000
3 1.00000 1.00000
18 1.00000 0.55556
9 1.00000 1.00000
6 1.00000 1.00000
4 1.00000 1.00000
3 1.00000 1.00000
3 1.00000 1.00000
51 1.00000 0.33333
41 0.90000 0.43902
34 1.00000 0.47059
32 1.00000 0.37500
28 1.00000 0.46429
22 1.00000 0.63636
20 0.74074 1.00000
20 1.00000 0.60000
18 1.00000 1.00000
18 1.00000 0.83333
11 1.00000 0.81818
10 0.71429 1.00000
9 1.00000 1.00000
9 0.90000 1.00000
9 1.00000 1.00000
8 1.00000 0.50000
7 1.00000 1.00000
7 1.00000 1.00000
6 1.00000 0.66667
6 1.00000 1.00000
5 1.00000 1.00000
5 1.00000 1.00000
114 1.00000 0.08772
26 1.00000 0.38462
22 1.00000 0.59091
17 1.00000 1.00000
16 1.00000 0.93750
12 0.85714 1.00000
10 1.00000 1.00000
9 1.00000 1.00000
6 1.00000 0.83333
6 0.85714 1.00000
5 1.00000 1.00000
5 1.00000 1.00000
5 1.00000 1.00000
4 1.00000 1.00000
4 1.00000 1.00000
3 1.00000 1.00000
3 1.00000 1.00000
49 1.00000 0.48980
42 1.00000 0.14286
42 1.00000 0.45238
37 1.00000 0.24324
27 1.00000 0.37037
26 1.00000 0.50000
25 1.00000 0.84000
24 1.00000 0.58333
21 1.00000 0.57143
20 0.58333 0.70000
18 1.00000 0.77778
16 1.00000 1.00000
16 1.00000 0.87500
12 1.00000 0.91667
10 1.00000 0.80000
8 1.00000 1.00000
8 1.00000 1.00000
7 1.00000 1.00000
7 1.00000 1.00000
6 1.00000 1.00000
6 1.00000 0.66667
6 1.00000 1.00000
5 1.00000 1.00000
4 1.00000 1.00000
3 1.00000 1.00000
3 1.00000 1.00000
3 1.00000 1.00000
3 1.00000 1.00000
3 1.00000 1.00000
113 1.00000 0.37168
42 0.89189 0.78571
22 0.95652 1.00000
21 0.92308 0.57143
21 1.00000 0.90476
20 1.00000 0.95000
18 1.00000 0.83333
17 1.00000 0.82353
15 0.93750 1.00000
14 1.00000 1.00000
11 1.00000 1.00000
10 1.00000 1.00000
10 1.00000 1.00000
10 1.00000 0.80000
9 1.00000 1.00000
9 1.00000 0.88889
7 1.00000 0.85714
7 1.00000 1.00000
6 1.00000 0.66667
6 0.46154 1.00000
6 0.54545 1.00000
5 1.00000 1.00000
4 1.00000 1.00000
4 1.00000 1.00000
3 1.00000 1.00000
3 1.00000 1.00000
31 1.00000 0.90323
9 1.00000 0.88889
4 1.00000 1.00000
3 1.00000 1.00000
328 0.95238 0.12195
48 1.00000 0.58333
20 1.00000 0.85000
19 1.00000 0.52632
18 1.00000 0.61111
14 0.58333 1.00000
11 1.00000 0.90909
11 1.00000 1.00000
11 1.00000 1.00000
10 1.00000 0.90000
9 1.00000 1.00000
9 1.00000 0.88889
9 0.81818 1.00000
8 1.00000 1.00000
8 0.80000 1.00000
8 1.00000 1.00000
8 1.00000 0.75000
7 0.63636 1.00000
7 1.00000 0.85714
7 1.00000 0.85714
6 1.00000 1.00000
6 1.00000 1.00000
6 1.00000 1.00000
6 1.00000 1.00000
6 1.00000 1.00000
5 1.00000 1.00000
5 1.00000 1.00000
4 1.00000 1.00000
4 1.00000 1.00000
4 1.00000 1.00000
4 1.00000 1.00000
4 1.00000 1.00000
4 1.00000 1.00000
3 1.00000 1.00000
3 1.00000 1.00000
3 1.00000 1.00000
3 1.00000 1.00000
3 1.00000 1.00000
3 1.00000 1.00000
3 1.00000 1.00000
3 1.00000 1.00000
3 1.00000 1.00000
3 1.00000 1.00000
328 0.95238 0.12195
48 1.00000 0.58333
20 1.00000 0.85000
19 1.00000 0.52632
18 1.00000 0.61111
14 0.58333 1.00000
11 1.00000 0.90909
11 1.00000 1.00000
11 1.00000 1.00000
10 1.00000 0.90000
9 1.00000 1.00000
9 1.00000 0.88889
9 0.81818 1.00000
8 1.00000 1.00000
8 0.80000 1.00000
8 1.00000 1.00000
8 1.00000 0.75000
7 0.63636 1.00000
7 1.00000 0.85714
7 1.00000 0.85714
6 1.00000 1.00000
6 1.00000 1.00000
6 1.00000 1.00000
6 1.00000 1.00000
6 1.00000 1.00000
5 1.00000 1.00000
5 1.00000 1.00000
4 1.00000 1.00000
4 1.00000 1.00000
4 1.00000 1.00000
4 1.00000 1.00000
4 1.00000 1.00000
4 1.00000 1.00000
3 1.00000 1.00000
3 1.00000 1.00000
3 1.00000 1.00000
3 1.00000 1.00000
3 1.00000 1.00000
3 1.00000 1.00000
3 1.00000 1.00000
3 1.00000 1.00000
3 1.00000 1.00000
3 1.00000 1.00000
41 1.00000 0.36585
34 1.00000 0.82353
17 1.00000 0.94118
16 1.00000 0.50000
15 1.00000 0.46667
15 0.90909 0.66667
14 1.00000 0.92857
14 1.00000 0.50000
13 0.92857 1.00000
12 1.00000 0.58333
11 1.00000 1.00000
11 1.00000 1.00000
10 1.00000 0.90000
10 1.00000 0.90000
10 0.83333 1.00000
9 1.00000 1.00000
9 0.90000 1.00000
9 1.00000 1.00000
9 1.00000 0.77778
9 0.90000 1.00000
8 1.00000 1.00000
7 1.00000 1.00000
6 1.00000 0.66667
6 1.00000 1.00000
6 1.00000 0.83333
6 1.00000 0.83333
6 1.00000 1.00000
5 1.00000 1.00000
5 1.00000 1.00000
4 1.00000 1.00000
4 1.00000 1.00000
4 1.00000 1.00000
3 1.00000 1.00000
3 1.00000 1.00000
3 1.00000 1.00000
3 1.00000 1.00000
3 1.00000 1.00000
3 1.00000 1.00000
3 1.00000 1.00000
3 1.00000 1.00000
3 1.00000 1.00000
3 1.00000 1.00000
41 1.00000 0.36585
35 1.00000 0.80000
17 1.00000 0.94118
16 1.00000 0.50000
15 0.90909 0.66667
14 1.00000 0.92857
14 1.00000 0.50000
13 0.92857 1.00000
12 1.00000 0.58333
12 1.00000 0.58333
11 1.00000 1.00000
11 1.00000 1.00000
10 1.00000 0.90000
10 1.00000 0.90000
10 0.83333 1.00000
9 1.00000 1.00000
9 0.90000 1.00000
9 1.00000 1.00000
9 1.00000 0.77778
9 0.90000 1.00000
8 1.00000 1.00000
7 1.00000 0.85714
6 1.00000 0.66667
6 1.00000 0.83333
6 1.00000 0.83333
6 1.00000 1.00000
5 1.00000 1.00000
5 1.00000 1.00000
4 1.00000 1.00000
4 1.00000 1.00000
4 1.00000 1.00000
3 1.00000 1.00000
3 1.00000 1.00000
3 1.00000 1.00000
3 1.00000 1.00000
3 1.00000 1.00000
3 1.00000 1.00000
3 1.00000 1.00000
3 1.00000 1.00000
3 1.00000 1.00000
