3 1.00000 1.00000
3 1.00000 1.00000
5 1.00000 1.00000
4 1.00000 1.00000
3 1.00000 1.00000
4 1.00000 1.00000
4 1.00000 1.00000
5 1.00000 1.00000
3 1.00000 1.00000
5 0.83333 1.00000
5 1.00000 1.00000
4 1.00000 1.00000
4 1.00000 1.00000
4 1.00000 1.00000
4 1.00000 1.00000
4 1.00000 1.00000
5 1.00000 1.00000
5 1.00000 1.00000
4 1.00000 1.00000
6 1.00000 1.00000
4 1.00000 1.00000
5 1.00000 1.00000
6 1.00000 1.00000
6 1.00000 1.00000
6 1.00000 1.00000
6 1.00000 1.00000
6 1.00000 1.00000
6 1.00000 1.00000
4 1.00000 1.00000
4 1.00000 1.00000
6 1.00000 1.00000
6 1.00000 1.00000
5 1.00000 1.00000
6 0.75000 1.00000
7 0.87500 1.00000
7 0.87500 1.00000
6 1.00000 1.00000
7 0.58333 1.00000
7 1.00000 1.00000
6 1.00000 1.00000
7 1.00000 1.00000
5 1.00000 1.00000
5 1.00000 1.00000
5 1.00000 1.00000
7 1.00000 1.00000
7 0.58333 1.00000
7 1.00000 1.00000
7 1.00000 1.00000
7 1.00000 1.00000
4 1.00000 1.00000
4 1.00000 1.00000
7 1.00000 1.00000
6 1.00000 1.00000
6 1.00000 1.00000
6 1.00000 1.00000
6 1.00000 1.00000
6 1.00000 1.00000
7 1.00000 1.00000
6 0.85714 1.00000
7 1.00000 1.00000
8 1.00000 1.00000
5 1.00000 1.00000
4 1.00000 1.00000
4 1.00000 1.00000
4 1.00000 1.00000
4 1.00000 1.00000
3 1.00000 1.00000
6 1.00000 1.00000
4 1.00000 1.00000
7 1.00000 1.00000
7 1.00000 1.00000
7 0.63636 1.00000
7 1.00000 1.00000
7 1.00000 1.00000
6 1.00000 1.00000
8 1.00000 0.87500
6 1.00000 1.00000
8 1.00000 1.00000
5 1.00000 1.00000
8 1.00000 1.00000
6 1.00000 1.00000
7 1.00000 1.00000
9 1.00000 1.00000
9 1.00000 1.00000
8 1.00000 0.50000
4 1.00000 1.00000
9 1.00000 1.00000
8 0.80000 1.00000
8 0.88889 1.00000
9 1.00000 1.00000
9 0.90000 1.00000
4 1.00000 1.00000
4 1.00000 1.00000
8 1.00000 1.00000
10 1.00000 1.00000
9 1.00000 0.55556
6 1.00000 1.00000
6 1.00000 1.00000
8 1.00000 1.00000
7 1.00000 1.00000
10 0.66667 1.00000
9 0.18750 1.00000
9 1.00000 1.00000
10 0.90909 1.00000
9 1.00000 1.00000
10 1.00000 0.90000
6 1.00000 1.00000
10 1.00000 1.00000
9 0.90000 1.00000
9 1.00000 1.00000
6 1.00000 1.00000
10 1.00000 0.90000
4 1.00000 1.00000
4 1.00000 1.00000
6 1.00000 1.00000
8 1.00000 1.00000
10 0.90909 1.00000
10 1.00000 1.00000
9 1.00000 0.88889
11 1.00000 1.00000
6 1.00000 1.00000
5 1.00000 1.00000
8 0.88889 1.00000
10 1.00000 1.00000
7 1.00000 1.00000
11 1.00000 1.00000
10 0.90909 1.00000
10 0.90909 1.00000
5 1.00000 1.00000
5 1.00000 1.00000
11 1.00000 1.00000
9 1.00000 1.00000
10 1.00000 1.00000
10 1.00000 0.90000
8 1.00000 1.00000
7 0.58333 1.00000
11 1.00000 1.00000
4 1.00000 1.00000
8 1.00000 0.87500
10 1.00000 1.00000
6 1.00000 1.00000
10 1.00000 0.90000
9 0.90000 1.00000
8 1.00000 0.87500
8 1.00000 0.87500
12 0.92308 1.00000
6 1.00000 1.00000
11 1.00000 1.00000
5 1.00000 1.00000
8 1.00000 1.00000
12 1.00000 1.00000
12 1.00000 1.00000
11 1.00000 1.00000
11 1.00000 1.00000
12 0.92308 1.00000
12 0.92308 1.00000
11 1.00000 0.81818
12 1.00000 1.00000
12 0.92308 1.00000
9 1.00000 1.00000
6 1.00000 1.00000
7 1.00000 1.00000
13 1.00000 1.00000
10 0.90909 1.00000
12 1.00000 0.91667
13 1.00000 1.00000
13 1.00000 1.00000
12 1.00000 1.00000
13 0.92857 1.00000
13 0.92857 1.00000
5 1.00000 1.00000
5 1.00000 1.00000
13 0.52000 1.00000
12 1.00000 1.00000
8 1.00000 1.00000
11 1.00000 1.00000
8 0.88889 1.00000
10 1.00000 1.00000
9 1.00000 0.77778
3 1.00000 1.00000
10 1.00000 1.00000
11 1.00000 0.90909
13 1.00000 0.53846
14 0.93333 1.00000
14 0.93333 1.00000
6 1.00000 1.00000
13 0.92857 1.00000
6 1.00000 1.00000
14 0.82353 1.00000
10 1.00000 1.00000
14 0.92857 0.92857
11 1.00000 1.00000
13 0.81250 1.00000
13 0.81250 1.00000
14 0.82353 1.00000
11 1.00000 1.00000
4 1.00000 1.00000
3 1.00000 1.00000
12 0.92308 1.00000
14 1.00000 0.92857
14 1.00000 1.00000
14 0.87500 1.00000
15 1.00000 0.93333
4 1.00000 1.00000
14 1.00000 1.00000
12 1.00000 1.00000
15 1.00000 1.00000
12 0.80000 1.00000
15 0.93750 1.00000
12 0.92308 1.00000
4 1.00000 1.00000
12 0.92308 1.00000
15 1.00000 1.00000
6 1.00000 1.00000
15 0.93333 0.93333
3 1.00000 1.00000
3 1.00000 1.00000
15 1.00000 1.00000
8 0.88889 1.00000
8 0.88889 1.00000
8 0.88889 1.00000
8 1.00000 1.00000
7 0.58333 1.00000
16 1.00000 0.93750
6 1.00000 1.00000
6 1.00000 1.00000
16 1.00000 1.00000
16 0.66667 1.00000
16 0.66667 1.00000
16 0.75000 0.93750
13 0.81250 1.00000
5 1.00000 1.00000
14 1.00000 1.00000
7 1.00000 1.00000
16 0.76190 1.00000
7 1.00000 1.00000
6 1.00000 1.00000
15 1.00000 1.00000
16 0.80000 1.00000
7 1.00000 1.00000
16 1.00000 1.00000
17 0.39535 1.00000
8 0.88889 1.00000
17 1.00000 0.94118
17 1.00000 0.94118
6 1.00000 1.00000
7 1.00000 1.00000
16 1.00000 1.00000
13 0.81250 1.00000
7 0.58333 1.00000
17 1.00000 0.88235
11 0.91667 1.00000
18 1.00000 1.00000
17 0.29310 1.00000
18 0.47826 0.61111
13 0.81250 1.00000
17 0.64000 0.94118
14 0.82353 1.00000
3 1.00000 1.00000
9 1.00000 1.00000
8 0.80000 1.00000
16 1.00000 1.00000
11 1.00000 1.00000
18 1.00000 1.00000
19 1.00000 0.78947
3 1.00000 1.00000
8 0.88889 1.00000
6 1.00000 1.00000
15 0.78947 1.00000
15 1.00000 0.80000
7 0.58333 1.00000
4 1.00000 1.00000
19 0.70370 1.00000
3 1.00000 1.00000
3 1.00000 1.00000
18 0.90000 1.00000
3 1.00000 1.00000
8 0.80000 1.00000
18 0.90000 1.00000
16 0.93750 0.93750
13 0.81250 1.00000
11 1.00000 1.00000
19 1.00000 0.89474
8 1.00000 1.00000
12 1.00000 1.00000
20 1.00000 0.60000
17 0.94118 0.94118
4 1.00000 1.00000
4 1.00000 1.00000
20 1.00000 1.00000
8 1.00000 1.00000
5 1.00000 1.00000
7 1.00000 1.00000
14 1.00000 0.85714
17 1.00000 1.00000
12 1.00000 1.00000
16 1.00000 1.00000
8 0.80000 1.00000
4 1.00000 1.00000
8 1.00000 1.00000
16 1.00000 0.93750
16 1.00000 0.93750
13 1.00000 0.53846
19 0.94118 0.84211
7 0.58333 1.00000
4 1.00000 1.00000
14 1.00000 1.00000
9 1.00000 0.88889
18 0.94737 1.00000
18 0.41860 1.00000
14 1.00000 1.00000
21 1.00000 0.61905
12 1.00000 0.91667
9 0.90000 1.00000
23 1.00000 0.95652
23 1.00000 1.00000
13 1.00000 0.53846
15 1.00000 1.00000
12 1.00000 1.00000
13 0.81250 1.00000
20 1.00000 1.00000
7 1.00000 1.00000
18 1.00000 1.00000
21 0.71429 0.95238
8 1.00000 1.00000
20 1.00000 1.00000
18 0.94118 0.88889
24 0.82143 0.95833
25 0.86207 1.00000
21 1.00000 1.00000
20 0.95238 1.00000
25 0.96000 0.96000
6 1.00000 1.00000
15 1.00000 0.53333
15 1.00000 0.53333
20 0.59259 0.80000
20 0.59259 0.80000
6 1.00000 1.00000
16 1.00000 1.00000
14 1.00000 1.00000
9 1.00000 0.66667
11 1.00000 0.90909
7 0.58333 1.00000
19 0.56250 0.94737
26 1.00000 0.11538
24 1.00000 1.00000
19 0.56250 0.94737
25 1.00000 0.88000
8 0.80000 1.00000
23 0.95833 1.00000
26 1.00000 0.88462
5 1.00000 1.00000
11 1.00000 0.90909
25 0.96154 1.00000
25 0.96154 1.00000
25 0.96154 1.00000
25 0.96154 1.00000
19 0.56250 0.94737
26 0.92857 1.00000
25 0.95833 0.92000
27 1.00000 0.33333
25 0.96154 1.00000
23 0.72414 0.91304
7 1.00000 1.00000
8 0.80000 1.00000
22 1.00000 0.54545
22 1.00000 0.81818
7 1.00000 1.00000
8 0.88889 1.00000
27 1.00000 0.96296
8 0.88889 1.00000
7 1.00000 1.00000
13 1.00000 0.53846
25 0.96154 1.00000
23 1.00000 0.78261
3 1.00000 1.00000
3 1.00000 1.00000
3 1.00000 1.00000
8 0.80000 1.00000
4 1.00000 1.00000
27 0.96429 1.00000
6 0.85714 1.00000
14 1.00000 1.00000
15 1.00000 0.53333
25 0.96154 1.00000
25 0.96154 1.00000
27 0.96296 0.96296
8 0.80000 1.00000
11 1.00000 1.00000
14 0.58333 1.00000
11 1.00000 1.00000
25 0.96154 1.00000
14 0.58333 1.00000
16 1.00000 1.00000
8 1.00000 1.00000
27 1.00000 0.48148
30 1.00000 0.93333
5 0.83333 1.00000
12 1.00000 1.00000
10 0.09091 1.00000
26 0.91667 0.42308
26 0.91667 0.42308
30 1.00000 0.26667
25 0.96154 1.00000
30 0.55769 0.96667
21 1.00000 0.90476
3 1.00000 1.00000
29 1.00000 1.00000
15 1.00000 0.53333
14 0.58333 1.00000
8 0.88889 1.00000
31 1.00000 0.90323
3 1.00000 1.00000
11 1.00000 1.00000
32 1.00000 0.75000
17 1.00000 0.88235
10 0.90909 1.00000
7 1.00000 1.00000
26 1.00000 0.11538
29 0.85714 0.82759
7 1.00000 1.00000
27 1.00000 0.44444
27 1.00000 0.48148
28 1.00000 1.00000
25 0.96154 1.00000
25 0.96154 1.00000
3 1.00000 1.00000
22 1.00000 0.95455
19 0.95000 1.00000
34 0.96970 0.94118
32 0.80000 0.62500
33 1.00000 0.96970
17 1.00000 0.94118
31 1.00000 0.90323
3 1.00000 1.00000
33 1.00000 1.00000
4 1.00000 1.00000
4 1.00000 1.00000
33 0.76190 0.96970
28 0.67568 0.89286
25 0.96154 1.00000
34 0.96970 0.94118
33 0.94286 1.00000
33 0.94286 1.00000
9 0.80000 0.88889
12 1.00000 1.00000
13 0.92857 1.00000
13 0.92857 1.00000
32 1.00000 0.93750
36 0.94737 1.00000
33 1.00000 0.96970
22 0.42308 1.00000
22 0.42308 1.00000
22 0.42308 1.00000
22 0.95652 1.00000
22 0.95652 1.00000
35 1.00000 0.42857
35 1.00000 0.42857
33 0.79487 0.93939
36 1.00000 0.30556
11 1.00000 1.00000
22 1.00000 0.90909
11 1.00000 1.00000
6 1.00000 1.00000
31 1.00000 0.67742
31 1.00000 0.67742
25 0.96154 1.00000
18 0.86667 0.72222
26 0.52000 0.50000
22 0.42308 1.00000
36 1.00000 0.44444
11 1.00000 1.00000
6 0.75000 1.00000
7 1.00000 1.00000
22 0.42308 1.00000
30 1.00000 0.56667
6 0.85714 1.00000
37 0.97059 0.89189
37 0.97059 0.89189
33 1.00000 0.96970
22 0.42308 1.00000
38 1.00000 0.42105
22 0.42308 1.00000
22 0.42308 1.00000
22 0.42308 1.00000
6 1.00000 1.00000
6 1.00000 1.00000
3 1.00000 1.00000
3 1.00000 1.00000
3 1.00000 1.00000
3 1.00000 1.00000
3 1.00000 1.00000
3 1.00000 1.00000
8 0.88889 1.00000
4 1.00000 1.00000
36 0.86111 0.86111
19 0.56250 0.94737
19 0.56250 0.94737
43 0.95000 0.44186
27 0.89655 0.96296
6 1.00000 1.00000
3 1.00000 1.00000
19 0.56250 0.94737
15 1.00000 1.00000
19 0.56250 0.94737
19 0.94118 0.84211
19 0.56250 0.94737
8 0.88889 1.00000
8 0.88889 1.00000
10 0.90909 1.00000
6 1.00000 1.00000
9 0.90000 1.00000
19 0.56250 0.94737
9 0.75000 1.00000
7 1.00000 1.00000
19 0.56250 0.94737
11 0.36667 1.00000
12 1.00000 1.00000
36 0.58140 0.69444
9 0.90000 1.00000
44 0.95455 0.47727
47 0.93750 0.95745
20 1.00000 0.75000
20 1.00000 0.75000
28 1.00000 0.75000
27 0.90909 0.37037
12 1.00000 1.00000
42 1.00000 0.40476
47 0.93750 0.95745
47 0.97619 0.87234
39 1.00000 0.76923
9 1.00000 1.00000
22 0.42308 1.00000
44 1.00000 0.77273
45 0.91667 0.48889
45 0.90909 0.44444
45 0.90909 0.44444
42 1.00000 0.40476
45 0.95455 0.46667
10 0.83333 1.00000
25 0.96154 1.00000
5 1.00000 1.00000
35 0.88462 0.65714
22 1.00000 0.90909
13 1.00000 0.61538
3 1.00000 1.00000
35 0.88462 0.65714
28 1.00000 0.89286
45 0.97778 0.97778
45 0.97778 0.97778
28 1.00000 0.89286
5 1.00000 1.00000
42 1.00000 0.40476
36 0.58140 0.69444
52 1.00000 1.00000
41 0.92000 0.56098
41 0.92000 0.56098
41 1.00000 0.97561
16 1.00000 1.00000
22 0.42308 1.00000
3 1.00000 1.00000
6 1.00000 1.00000
5 1.00000 1.00000
3 1.00000 1.00000
5 1.00000 1.00000
3 1.00000 1.00000
46 0.87500 0.45652
46 0.87500 0.45652
23 0.91667 0.95652
11 1.00000 1.00000
22 1.00000 0.90909
22 0.42308 1.00000
8 0.88889 1.00000
8 0.88889 1.00000
4 1.00000 1.00000
50 1.00000 0.18000
50 1.00000 0.18000
50 0.80556 0.58000
24 0.95833 0.95833
22 0.42308 1.00000
3 1.00000 1.00000
5 1.00000 1.00000
22 0.42308 1.00000
42 1.00000 0.40476
11 1.00000 1.00000
24 0.95833 0.95833
56 1.00000 0.80357
10 1.00000 1.00000
55 0.93103 0.98182
42 1.00000 0.40476
4 1.00000 1.00000
41 1.00000 0.97561
52 0.83333 0.57692
6 1.00000 1.00000
13 1.00000 0.53846
13 0.81250 1.00000
22 0.42308 1.00000
42 1.00000 0.40476
61 0.98333 0.96721
9 1.00000 1.00000
10 1.00000 1.00000
17 1.00000 1.00000
16 0.75000 0.93750
12 1.00000 0.50000
3 1.00000 1.00000
20 0.86957 1.00000
34 1.00000 0.58824
42 1.00000 0.40476
12 1.00000 1.00000
27 1.00000 0.48148
7 1.00000 1.00000
33 1.00000 0.90909
42 1.00000 0.40476
6 1.00000 1.00000
6 1.00000 1.00000
32 1.00000 0.31250
13 1.00000 0.53846
12 1.00000 1.00000
8 0.88889 1.00000
42 1.00000 0.40476
42 1.00000 0.40476
9 0.75000 1.00000
51 0.94595 0.68627
42 1.00000 0.40476
5 1.00000 1.00000
66 1.00000 0.63636
6 0.20000 1.00000
23 1.00000 0.95652
22 0.42308 1.00000
14 0.58333 1.00000
11 1.00000 1.00000
14 0.58333 1.00000
11 1.00000 1.00000
23 1.00000 0.69565
7 1.00000 1.00000
62 0.96774 0.48387
22 1.00000 0.90909
62 0.96774 0.48387
3 1.00000 1.00000
5 0.83333 1.00000
5 0.83333 1.00000
13 0.81250 1.00000
32 1.00000 0.31250
32 1.00000 0.31250
14 0.82353 1.00000
4 1.00000 1.00000
21 1.00000 1.00000
42 1.00000 0.40476
66 1.00000 0.42424
66 1.00000 0.42424
32 1.00000 0.31250
66 1.00000 0.81818
55 0.93103 0.98182
23 1.00000 0.95652
3 1.00000 1.00000
42 1.00000 0.40476
7 1.00000 1.00000
6 1.00000 1.00000
42 1.00000 0.40476
3 1.00000 1.00000
6 0.85714 1.00000
42 1.00000 0.40476
12 1.00000 1.00000
4 1.00000 1.00000
42 1.00000 0.40476
11 1.00000 0.54545
10 0.09091 1.00000
10 0.90909 1.00000
7 0.87500 1.00000
7 0.87500 1.00000
7 0.87500 1.00000
11 1.00000 1.00000
6 1.00000 1.00000
11 1.00000 1.00000
7 1.00000 1.00000
73 1.00000 0.38356
74 1.00000 0.37838
70 0.55208 0.75714
42 1.00000 0.40476
9 1.00000 1.00000
71 1.00000 0.63380
10 1.00000 1.00000
24 0.92308 1.00000
27 0.85185 0.85185
12 0.85714 1.00000
9 1.00000 0.77778
72 1.00000 0.62500
46 0.87500 0.45652
13 0.92857 1.00000
9 1.00000 1.00000
11 1.00000 1.00000
9 0.75000 1.00000
47 0.83333 0.85106
47 0.83333 0.85106
28 1.00000 1.00000
9 1.00000 1.00000
60 0.48052 0.61667
60 0.48052 0.61667
18 1.00000 0.50000
18 1.00000 0.50000
3 1.00000 1.00000
3 1.00000 1.00000
15 0.88235 1.00000
6 0.20000 1.00000
32 1.00000 0.43750
83 0.98276 0.68675
26 0.88235 0.57692
83 0.98276 0.68675
4 1.00000 1.00000
3 1.00000 1.00000
3 1.00000 1.00000
11 1.00000 1.00000
52 1.00000 1.00000
7 1.00000 1.00000
71 1.00000 0.76056
8 1.00000 1.00000
6 1.00000 1.00000
36 0.94737 1.00000
52 1.00000 1.00000
7 1.00000 1.00000
11 1.00000 0.90909
11 1.00000 0.90909
5 1.00000 1.00000
3 1.00000 1.00000
39 1.00000 0.76923
17 1.00000 1.00000
11 1.00000 0.54545
3 1.00000 1.00000
19 0.56250 0.94737
10 1.00000 1.00000
47 0.97619 0.87234
94 1.00000 0.51064
10 1.00000 0.70000
8 1.00000 1.00000
10 1.00000 0.70000
8 1.00000 1.00000
3 1.00000 1.00000
3 1.00000 1.00000
36 1.00000 0.97222
30 1.00000 0.80000
10 1.00000 1.00000
6 0.66667 1.00000
6 0.66667 1.00000
9 1.00000 1.00000
9 1.00000 1.00000
42 1.00000 0.40476
13 1.00000 0.53846
12 1.00000 1.00000
3 1.00000 1.00000
3 1.00000 1.00000
9 1.00000 1.00000
9 0.88889 0.88889
18 0.94118 0.88889
83 0.98276 0.68675
3 1.00000 1.00000
3 1.00000 1.00000
4 1.00000 1.00000
6 1.00000 1.00000
33 1.00000 0.96970
4 1.00000 1.00000
4 1.00000 1.00000
91 0.97917 0.51648
91 0.97917 0.51648
11 1.00000 1.00000
24 0.95833 0.95833
4 1.00000 1.00000
4 1.00000 1.00000
4 1.00000 1.00000
18 1.00000 0.50000
8 0.88889 1.00000
90 1.00000 0.76667
15 1.00000 1.00000
4 1.00000 1.00000
4 1.00000 1.00000
4 1.00000 1.00000
50 1.00000 0.18000
15 0.78947 1.00000
13 1.00000 1.00000
11 0.91667 1.00000
11 1.00000 1.00000
3 1.00000 1.00000
7 1.00000 1.00000
17 1.00000 1.00000
12 0.85714 1.00000
3 1.00000 1.00000
11 1.00000 1.00000
11 1.00000 1.00000
4 1.00000 1.00000
117 0.95918 0.40171
7 1.00000 1.00000
4 1.00000 1.00000
4 1.00000 1.00000
4 1.00000 1.00000
4 1.00000 1.00000
4 1.00000 1.00000
4 1.00000 1.00000
13 1.00000 1.00000
11 1.00000 0.72727
46 1.00000 0.39130
9 0.75000 1.00000
46 1.00000 0.39130
46 1.00000 0.39130
31 1.00000 0.90323
25 0.86207 1.00000
23 0.72414 0.91304
9 1.00000 0.55556
25 0.95833 0.92000
9 1.00000 1.00000
7 0.63636 1.00000
4 1.00000 1.00000
9 1.00000 1.00000
6 1.00000 1.00000
46 1.00000 0.39130
15 0.93750 1.00000
6 0.85714 1.00000
8 1.00000 0.50000
19 0.56250 0.94737
3 1.00000 1.00000
46 1.00000 0.39130
11 1.00000 1.00000
3 1.00000 1.00000
8 0.80000 1.00000
47 1.00000 0.89362
9 0.37500 1.00000
46 1.00000 0.39130
3 1.00000 1.00000
33 0.94286 1.00000
17 1.00000 0.94118
16 1.00000 1.00000
11 1.00000 1.00000
9 0.81818 1.00000
6 1.00000 1.00000
4 1.00000 1.00000
4 1.00000 1.00000
6 1.00000 1.00000
6 1.00000 1.00000
74 0.93750 0.40541
13 0.81250 1.00000
10 1.00000 1.00000
5 1.00000 1.00000
34 1.00000 0.58824
18 1.00000 0.50000
46 1.00000 0.39130
3 1.00000 1.00000
4 1.00000 1.00000
30 1.00000 0.56667
20 0.95238 1.00000
5 1.00000 1.00000
46 1.00000 0.39130
13 0.81250 1.00000
7 0.87500 1.00000
7 0.87500 1.00000
7 0.87500 1.00000
7 0.87500 1.00000
7 0.87500 1.00000
7 0.87500 1.00000
13 0.92857 1.00000
5 1.00000 1.00000
104 0.94000 0.45192
23 1.00000 0.69565
23 1.00000 0.69565
41 1.00000 0.97561
14 1.00000 1.00000
7 1.00000 1.00000
46 1.00000 0.39130
12 1.00000 1.00000
25 0.96154 1.00000
22 0.42308 1.00000
3 1.00000 1.00000
23 1.00000 0.69565
12 1.00000 0.83333
8 1.00000 1.00000
4 1.00000 1.00000
31 1.00000 0.90323
41 1.00000 0.51220
10 0.66667 1.00000
4 1.00000 1.00000
4 1.00000 1.00000
5 1.00000 1.00000
4 1.00000 1.00000
46 1.00000 0.39130
5 1.00000 1.00000
11 1.00000 1.00000
11 1.00000 1.00000
11 1.00000 1.00000
7 1.00000 1.00000
7 1.00000 1.00000
4 1.00000 1.00000
4 1.00000 1.00000
4 1.00000 1.00000
113 1.00000 0.44248
138 0.96774 0.43478
138 0.96774 0.43478
10 1.00000 1.00000
10 0.90909 1.00000
5 1.00000 1.00000
7 0.87500 1.00000
7 0.87500 1.00000
12 1.00000 1.00000
7 0.87500 1.00000
15 1.00000 0.80000
3 1.00000 1.00000
13 1.00000 1.00000
16 0.93750 0.93750
16 0.93750 0.93750
4 1.00000 1.00000
4 1.00000 1.00000
3 1.00000 1.00000
28 1.00000 0.42857
54 1.00000 0.98148
35 1.00000 0.62857
13 0.76471 1.00000
9 1.00000 1.00000
8 1.00000 1.00000
7 0.87500 1.00000
4 1.00000 1.00000
10 0.90909 1.00000
10 0.90909 1.00000
10 0.90909 1.00000
10 0.90909 1.00000
10 0.90909 1.00000
10 0.90909 1.00000
28 0.87500 0.50000
10 1.00000 0.90000
8 0.88889 1.00000
4 1.00000 1.00000
17 1.00000 0.88235
14 1.00000 1.00000
25 1.00000 0.96000
47 1.00000 0.89362
9 1.00000 1.00000
3 1.00000 1.00000
52 1.00000 1.00000
7 1.00000 1.00000
16 1.00000 1.00000
10 1.00000 0.90000
11 1.00000 1.00000
8 1.00000 1.00000
3 1.00000 1.00000
9 1.00000 1.00000
3 1.00000 1.00000
18 0.47826 0.61111
6 0.85714 1.00000
8 1.00000 1.00000
4 1.00000 1.00000
3 1.00000 1.00000
22 0.42308 1.00000
3 1.00000 1.00000
6 1.00000 1.00000
6 0.85714 1.00000
3 1.00000 1.00000
4 1.00000 1.00000
7 0.87500 1.00000
7 0.87500 1.00000
7 0.87500 1.00000
3 1.00000 1.00000
29 0.55769 1.00000
27 0.84375 1.00000
12 0.85714 1.00000
6 1.00000 1.00000
9 0.90000 1.00000
5 1.00000 1.00000
4 1.00000 1.00000
46 1.00000 0.39130
16 1.00000 0.68750
16 1.00000 0.68750
4 1.00000 1.00000
12 0.92308 1.00000
7 1.00000 1.00000
6 0.85714 1.00000
7 1.00000 1.00000
7 1.00000 1.00000
12 1.00000 1.00000
7 0.87500 1.00000
7 1.00000 1.00000
7 1.00000 1.00000
8 0.88889 1.00000
3 1.00000 1.00000
23 1.00000 0.69565
12 1.00000 0.83333
7 1.00000 1.00000
57 1.00000 0.78947
21 1.00000 0.61905
9 1.00000 0.77778
12 0.85714 1.00000
6 1.00000 1.00000
4 1.00000 1.00000
11 0.91667 1.00000
4 1.00000 1.00000
91 0.51351 0.20879
4 1.00000 1.00000
7 1.00000 1.00000
7 1.00000 1.00000
11 1.00000 1.00000
5 1.00000 1.00000
4 1.00000 1.00000
30 0.93750 0.50000
9 1.00000 1.00000
9 1.00000 1.00000
11 1.00000 0.90909
3 1.00000 1.00000
11 1.00000 0.54545
6 1.00000 1.00000
6 0.85714 1.00000
19 1.00000 0.78947
12 1.00000 0.91667
7 1.00000 1.00000
4 1.00000 1.00000
7 1.00000 1.00000
31 1.00000 0.67742
29 0.85714 0.82759
4 1.00000 1.00000
4 1.00000 1.00000
4 1.00000 1.00000
4 1.00000 1.00000
4 1.00000 1.00000
4 1.00000 1.00000
4 1.00000 1.00000
9 1.00000 1.00000
3 1.00000 1.00000
7 1.00000 1.00000
9 0.18750 1.00000
5 1.00000 1.00000
5 1.00000 1.00000
13 0.92857 1.00000
7 1.00000 1.00000
30 1.00000 0.93333
7 1.00000 1.00000
119 1.00000 0.31092
13 1.00000 1.00000
9 1.00000 0.88889
4 1.00000 1.00000
4 1.00000 1.00000
15 1.00000 0.53333
7 1.00000 1.00000
5 1.00000 1.00000
13 1.00000 0.53846
9 1.00000 1.00000
6 1.00000 1.00000
11 1.00000 0.81818
51 1.00000 0.35294
3 1.00000 1.00000
6 1.00000 1.00000
5 1.00000 1.00000
8 1.00000 1.00000
4 1.00000 1.00000
42 0.91111 0.97619
42 0.91111 0.97619
3 1.00000 1.00000
9 1.00000 1.00000
8 0.88889 1.00000
8 0.88889 1.00000
7 1.00000 1.00000
18 1.00000 0.94444
13 1.00000 1.00000
51 1.00000 0.35294
5 1.00000 1.00000
3 1.00000 1.00000
11 1.00000 0.81818
47 1.00000 0.89362
90 0.96774 0.33333
32 0.80000 0.62500
6 1.00000 1.00000
6 1.00000 1.00000
7 1.00000 1.00000
104 0.94000 0.45192
48 1.00000 0.89583
7 1.00000 1.00000
7 1.00000 1.00000
16 1.00000 1.00000
4 1.00000 1.00000
11 1.00000 1.00000
6 1.00000 1.00000
3 1.00000 1.00000
8 1.00000 1.00000
3 1.00000 1.00000
4 1.00000 1.00000
17 0.94444 1.00000
4 1.00000 1.00000
44 1.00000 0.34091
4 1.00000 1.00000
3 1.00000 1.00000
44 1.00000 0.34091
5 1.00000 1.00000
3 1.00000 1.00000
34 1.00000 0.61765
9 1.00000 0.55556
7 1.00000 0.85714
4 1.00000 1.00000
3 1.00000 1.00000
3 1.00000 1.00000
3 1.00000 1.00000
50 0.96154 1.00000
41 0.88889 0.97561
6 1.00000 1.00000
46 0.95455 0.45652
21 1.00000 1.00000
18 1.00000 1.00000
11 1.00000 1.00000
14 0.82353 1.00000
6 0.60000 1.00000
31 0.82353 0.45161
31 0.82353 0.45161
4 1.00000 1.00000
4 1.00000 1.00000
4 1.00000 1.00000
28 0.87500 0.50000
10 1.00000 0.90000
8 0.88889 1.00000
4 1.00000 1.00000
26 1.00000 0.88462
4 1.00000 1.00000
4 1.00000 1.00000
19 1.00000 1.00000
14 1.00000 0.71429
4 1.00000 1.00000
4 1.00000 1.00000
20 0.95238 1.00000
18 1.00000 1.00000
42 1.00000 0.40476
13 0.81250 1.00000
9 0.75000 1.00000
7 1.00000 1.00000
7 1.00000 1.00000
47 1.00000 0.89362
4 1.00000 1.00000
3 1.00000 1.00000
19 1.00000 1.00000
14 1.00000 0.71429
14 0.82353 1.00000
3 1.00000 1.00000
8 1.00000 1.00000
51 0.94595 0.68627
19 0.95000 1.00000
8 0.88889 1.00000
7 0.77778 1.00000
3 1.00000 1.00000
13 1.00000 1.00000
13 1.00000 1.00000
42 1.00000 0.40476
12 1.00000 1.00000
11 0.91667 1.00000
13 1.00000 0.53846
13 1.00000 0.61538
3 1.00000 1.00000
11 1.00000 1.00000
5 1.00000 1.00000
46 1.00000 0.36957
13 1.00000 0.53846
3 1.00000 1.00000
33 1.00000 0.42424
3 1.00000 1.00000
3 1.00000 1.00000
17 1.00000 0.88235
8 0.88889 1.00000
5 1.00000 1.00000
66 1.00000 0.42424
45 0.90909 0.44444
25 1.00000 0.88000
11 1.00000 1.00000
9 1.00000 1.00000
8 0.80000 1.00000
9 1.00000 1.00000
9 1.00000 1.00000
8 1.00000 1.00000
6 1.00000 1.00000
9 1.00000 1.00000
3 1.00000 1.00000
61 0.98333 0.96721
28 1.00000 0.75000
17 1.00000 0.94118
12 1.00000 1.00000
10 1.00000 0.90000
18 1.00000 0.55556
4 1.00000 1.00000
32 1.00000 0.75000
24 1.00000 1.00000
15 1.00000 1.00000
33 1.00000 0.96970
23 1.00000 0.95652
16 0.76190 1.00000
5 1.00000 1.00000
6 0.85714 1.00000
35 0.97143 0.97143
12 1.00000 1.00000
9 1.00000 1.00000
6 1.00000 1.00000
5 1.00000 1.00000
52 1.00000 1.00000
45 0.97778 0.97778
34 0.88889 0.23529
8 1.00000 1.00000
6 1.00000 1.00000
52 1.00000 1.00000
45 0.97778 0.97778
34 0.88889 0.23529
8 1.00000 1.00000
6 1.00000 1.00000
9 1.00000 1.00000
10 1.00000 1.00000
9 1.00000 1.00000
12 0.75000 1.00000
4 1.00000 1.00000
3 1.00000 1.00000
9 0.81818 1.00000
6 1.00000 1.00000
4 1.00000 1.00000
5 0.83333 1.00000
3 1.00000 1.00000
25 0.96000 0.96000
12 0.92308 1.00000
25 1.00000 0.64000
14 1.00000 1.00000
12 1.00000 1.00000
11 1.00000 1.00000
14 0.58333 1.00000
8 0.88889 1.00000
4 1.00000 1.00000
8 1.00000 0.87500
3 1.00000 1.00000
9 0.90000 1.00000
9 0.90000 1.00000
25 0.96154 1.00000
9 1.00000 1.00000
7 1.00000 1.00000
6 1.00000 1.00000
5 1.00000 1.00000
8 0.88889 1.00000
12 0.92308 1.00000
12 0.92308 1.00000
5 1.00000 1.00000
8 1.00000 0.87500
8 1.00000 0.87500
14 0.87500 1.00000
10 1.00000 1.00000
4 1.00000 1.00000
3 1.00000 1.00000
7 1.00000 1.00000
11 1.00000 0.63636
17 1.00000 0.82353
11 0.78571 1.00000
9 1.00000 0.88889
51 1.00000 0.35294
11 1.00000 1.00000
11 1.00000 1.00000
9 0.37500 1.00000
27 1.00000 0.96296
23 1.00000 1.00000
10 1.00000 0.90000
9 1.00000 1.00000
5 1.00000 1.00000
5 1.00000 1.00000
31 0.92593 0.80645
31 0.91667 0.35484
18 0.90000 1.00000
22 0.42308 1.00000
6 1.00000 1.00000
8 1.00000 1.00000
7 0.87500 1.00000
8 1.00000 1.00000
7 0.87500 1.00000
22 0.42308 1.00000
9 1.00000 1.00000
3 1.00000 1.00000
12 0.80000 1.00000
11 1.00000 1.00000
6 0.85714 1.00000
5 1.00000 1.00000
74 1.00000 0.37838
28 1.00000 0.89286
3 1.00000 1.00000
8 1.00000 1.00000
7 1.00000 1.00000
6 1.00000 1.00000
6 1.00000 1.00000
3 1.00000 1.00000
3 1.00000 1.00000
23 1.00000 0.69565
8 1.00000 1.00000
11 1.00000 1.00000
21 1.00000 0.95238
6 1.00000 1.00000
6 1.00000 1.00000
34 0.96970 0.94118
11 1.00000 1.00000
11 1.00000 1.00000
11 1.00000 1.00000
11 1.00000 1.00000
11 1.00000 1.00000
6 1.00000 1.00000
43 0.95000 0.44186
28 0.67568 0.89286
27 1.00000 0.33333
23 1.00000 0.95652
9 1.00000 1.00000
8 0.88889 1.00000
7 0.77778 1.00000
3 1.00000 1.00000
18 0.94737 1.00000
5 1.00000 1.00000
12 1.00000 0.91667
41 1.00000 0.51220
18 1.00000 0.50000
11 1.00000 1.00000
8 1.00000 1.00000
3 1.00000 1.00000
14 1.00000 0.92857
7 1.00000 1.00000
11 1.00000 1.00000
18 1.00000 0.94444
17 0.25000 1.00000
5 1.00000 1.00000
4 1.00000 1.00000
3 1.00000 1.00000
7 1.00000 1.00000
16 1.00000 0.68750
6 1.00000 1.00000
47 1.00000 0.89362
30 1.00000 0.26667
15 1.00000 0.80000
42 1.00000 0.40476
12 1.00000 1.00000
4 1.00000 1.00000
34 1.00000 0.41176
18 0.90000 1.00000
6 1.00000 1.00000
4 1.00000 1.00000
20 0.79167 0.95000
20 0.79167 0.95000
20 0.79167 0.95000
8 1.00000 1.00000
8 1.00000 1.00000
26 0.72727 0.92308
7 1.00000 1.00000
6 1.00000 1.00000
4 1.00000 1.00000
4 1.00000 1.00000
3 1.00000 1.00000
91 0.97917 0.51648
27 1.00000 0.48148
10 1.00000 1.00000
12 1.00000 0.91667
17 1.00000 0.70588
3 1.00000 1.00000
3 1.00000 1.00000
9 1.00000 0.88889
3 1.00000 1.00000
17 1.00000 0.82353
11 0.78571 1.00000
22 1.00000 0.54545
11 1.00000 0.90909
21 0.95455 1.00000
17 1.00000 0.70588
14 0.87500 1.00000
17 1.00000 0.70588
5 1.00000 1.00000
32 1.00000 0.31250
13 1.00000 0.61538
32 1.00000 0.31250
13 1.00000 0.61538
8 1.00000 0.87500
3 1.00000 1.00000
6 1.00000 1.00000
3 1.00000 1.00000
11 1.00000 1.00000
9 1.00000 1.00000
9 1.00000 1.00000
5 1.00000 1.00000
4 1.00000 1.00000
4 1.00000 1.00000
7 1.00000 1.00000
6 0.75000 1.00000
39 1.00000 0.41026
11 1.00000 1.00000
3 1.00000 1.00000
9 1.00000 1.00000
9 1.00000 1.00000
8 0.88889 1.00000
5 1.00000 1.00000
6 0.75000 1.00000
90 1.00000 0.76667
16 1.00000 1.00000
26 1.00000 0.92308
25 1.00000 0.56000
10 1.00000 1.00000
9 0.90000 1.00000
8 1.00000 1.00000
9 1.00000 1.00000
4 1.00000 1.00000
4 1.00000 1.00000
3 1.00000 1.00000
34 1.00000 0.61765
9 1.00000 0.55556
8 0.88889 1.00000
22 0.42308 1.00000
8 0.88889 1.00000
3 1.00000 1.00000
3 1.00000 1.00000
21 1.00000 0.90476
14 1.00000 1.00000
25 0.96154 1.00000
4 1.00000 1.00000
25 1.00000 0.68000
25 0.96154 1.00000
22 0.42308 1.00000
4 1.00000 1.00000
56 0.97059 0.58929
14 1.00000 1.00000
33 1.00000 0.90909
14 1.00000 0.85714
9 1.00000 0.66667
7 1.00000 1.00000
33 0.79487 0.93939
20 1.00000 1.00000
6 1.00000 1.00000
6 1.00000 1.00000
41 1.00000 0.97561
20 1.00000 0.60000
18 1.00000 0.50000
9 1.00000 1.00000
5 1.00000 1.00000
9 0.90000 1.00000
4 1.00000 1.00000
11 1.00000 1.00000
10 0.90909 1.00000
10 1.00000 1.00000
14 0.82353 1.00000
3 1.00000 1.00000
5 1.00000 1.00000
25 0.96154 1.00000
22 0.42308 1.00000
6 0.75000 1.00000
3 1.00000 1.00000
8 1.00000 0.87500
6 0.85714 1.00000
5 1.00000 1.00000
23 1.00000 0.78261
9 0.90000 1.00000
8 1.00000 1.00000
8 1.00000 1.00000
8 1.00000 1.00000
8 1.00000 1.00000
8 1.00000 1.00000
8 1.00000 1.00000
8 1.00000 1.00000
8 1.00000 1.00000
8 1.00000 1.00000
6 1.00000 1.00000
36 1.00000 0.97222
30 1.00000 0.80000
15 1.00000 1.00000
13 0.92857 1.00000
10 1.00000 1.00000
54 1.00000 0.98148
35 1.00000 0.62857
9 1.00000 1.00000
45 1.00000 0.28889
11 1.00000 1.00000
8 1.00000 1.00000
7 1.00000 1.00000
11 1.00000 1.00000
11 1.00000 1.00000
12 0.92308 1.00000
6 0.85714 1.00000
10 0.66667 1.00000
9 1.00000 1.00000
42 1.00000 0.40476
13 1.00000 0.53846
12 1.00000 1.00000
8 0.80000 1.00000
8 0.88889 1.00000
7 0.58333 1.00000
4 1.00000 1.00000
6 1.00000 1.00000
117 0.95918 0.40171
19 0.70370 1.00000
18 0.90000 1.00000
10 1.00000 1.00000
31 1.00000 0.93548
4 1.00000 1.00000
3 1.00000 1.00000
15 1.00000 1.00000
7 1.00000 1.00000
8 1.00000 1.00000
7 1.00000 1.00000
4 1.00000 1.00000
7 1.00000 1.00000
5 1.00000 1.00000
6 1.00000 1.00000
3 1.00000 1.00000
20 1.00000 0.75000
17 0.94118 0.94118
16 1.00000 0.93750
16 0.66667 1.00000
8 1.00000 1.00000
5 1.00000 1.00000
4 1.00000 1.00000
3 1.00000 1.00000
3 1.00000 1.00000
44 0.95455 0.47727
30 0.64000 0.53333
27 1.00000 0.96296
16 1.00000 1.00000
16 1.00000 1.00000
32 1.00000 0.31250
6 1.00000 1.00000
6 1.00000 1.00000
15 1.00000 1.00000
28 1.00000 0.42857
17 1.00000 0.76471
3 1.00000 1.00000
3 1.00000 1.00000
5 1.00000 1.00000
20 0.29412 1.00000
18 1.00000 0.94444
16 0.75000 0.93750
3 1.00000 1.00000
4 1.00000 1.00000
10 1.00000 0.90000
52 1.00000 1.00000
7 1.00000 1.00000
52 1.00000 1.00000
7 1.00000 1.00000
25 0.96154 1.00000
22 0.42308 1.00000
30 0.90909 1.00000
6 1.00000 1.00000
13 0.22727 0.38462
12 1.00000 1.00000
10 0.90909 1.00000
8 0.80000 1.00000
8 0.88889 1.00000
7 0.58333 1.00000
4 1.00000 1.00000
13 0.22727 0.38462
12 1.00000 1.00000
10 0.90909 1.00000
8 0.80000 1.00000
8 0.88889 1.00000
7 0.58333 1.00000
4 1.00000 1.00000
4 1.00000 1.00000
7 1.00000 1.00000
3 1.00000 1.00000
8 0.88889 1.00000
6 1.00000 1.00000
9 1.00000 0.88889
3 1.00000 1.00000
3 1.00000 1.00000
42 1.00000 0.40476
13 0.81250 1.00000
12 1.00000 1.00000
7 0.58333 1.00000
9 1.00000 1.00000
3 1.00000 1.00000
8 1.00000 1.00000
3 1.00000 1.00000
7 0.87500 1.00000
3 1.00000 1.00000
42 1.00000 0.40476
13 1.00000 0.53846
12 1.00000 1.00000
9 0.75000 1.00000
8 0.88889 1.00000
4 1.00000 1.00000
15 0.93750 1.00000
3 1.00000 1.00000
10 1.00000 1.00000
10 1.00000 0.90000
7 1.00000 1.00000
19 1.00000 0.63158
6 1.00000 1.00000
5 1.00000 1.00000
3 1.00000 1.00000
8 1.00000 1.00000
4 1.00000 1.00000
10 1.00000 1.00000
11 1.00000 0.54545
8 1.00000 1.00000
8 0.88889 1.00000
22 1.00000 0.81818
16 0.80000 1.00000
8 1.00000 1.00000
18 0.94737 1.00000
52 1.00000 1.00000
45 0.97778 0.97778
34 0.88889 0.23529
8 1.00000 1.00000
7 1.00000 1.00000
7 1.00000 1.00000
6 1.00000 1.00000
66 1.00000 0.63636
35 1.00000 0.42857
6 1.00000 1.00000
34 1.00000 0.41176
18 0.90000 1.00000
4 1.00000 1.00000
8 1.00000 1.00000
7 1.00000 0.85714
8 1.00000 1.00000
7 1.00000 0.85714
3 1.00000 1.00000
4 1.00000 1.00000
16 0.88889 0.50000
10 1.00000 1.00000
9 1.00000 1.00000
7 1.00000 1.00000
6 0.17647 1.00000
5 1.00000 1.00000
4 1.00000 1.00000
4 1.00000 1.00000
7 1.00000 1.00000
52 0.83333 0.57692
41 0.92000 0.56098
26 0.91667 0.42308
14 0.93333 1.00000
12 0.92308 1.00000
11 1.00000 1.00000
7 1.00000 1.00000
5 0.83333 1.00000
9 1.00000 1.00000
6 1.00000 1.00000
5 1.00000 1.00000
4 1.00000 1.00000
6 1.00000 1.00000
6 1.00000 1.00000
6 1.00000 1.00000
138 0.96774 0.43478
72 1.00000 0.62500
47 0.83333 0.85106
20 1.00000 1.00000
14 0.87500 1.00000
10 1.00000 0.90000
3 1.00000 1.00000
3 1.00000 1.00000
6 1.00000 1.00000
24 1.00000 0.37500
14 1.00000 1.00000
9 0.81818 1.00000
5 1.00000 1.00000
13 0.81250 1.00000
10 0.76923 1.00000
7 0.87500 1.00000
5 1.00000 1.00000
3 1.00000 1.00000
3 1.00000 1.00000
29 0.55769 1.00000
27 0.84375 1.00000
12 0.85714 1.00000
8 0.80000 1.00000
6 1.00000 1.00000
9 1.00000 1.00000
6 1.00000 1.00000
5 1.00000 1.00000
7 1.00000 1.00000
6 1.00000 1.00000
5 1.00000 1.00000
33 0.76190 0.96970
3 1.00000 1.00000
7 1.00000 1.00000
7 1.00000 1.00000
6 1.00000 1.00000
6 0.75000 1.00000
62 0.95238 0.96774
24 1.00000 0.58333
19 0.71429 0.52632
8 1.00000 1.00000
8 1.00000 1.00000
5 1.00000 1.00000
33 1.00000 0.51515
7 0.87500 1.00000
3 1.00000 1.00000
8 1.00000 1.00000
8 1.00000 1.00000
6 1.00000 1.00000
24 0.92308 1.00000
37 0.97143 0.91892
12 1.00000 1.00000
9 1.00000 1.00000
6 1.00000 1.00000
6 1.00000 1.00000
5 1.00000 1.00000
71 1.00000 0.76056
21 1.00000 1.00000
11 1.00000 1.00000
9 1.00000 1.00000
7 1.00000 1.00000
6 1.00000 1.00000
3 1.00000 1.00000
7 0.87500 1.00000
4 1.00000 1.00000
7 0.87500 1.00000
4 1.00000 1.00000
3 1.00000 1.00000
28 1.00000 0.42857
17 1.00000 0.76471
9 0.75000 1.00000
19 1.00000 1.00000
14 1.00000 0.71429
6 1.00000 1.00000
5 1.00000 1.00000
18 1.00000 0.66667
6 1.00000 1.00000
3 1.00000 1.00000
27 0.66667 0.66667
17 0.80952 1.00000
14 0.93333 1.00000
9 1.00000 1.00000
7 0.87500 1.00000
33 1.00000 1.00000
16 1.00000 0.93750
10 1.00000 1.00000
8 1.00000 1.00000
8 1.00000 1.00000
12 0.85714 1.00000
20 1.00000 0.85000
20 1.00000 0.85000
9 0.90000 1.00000
6 1.00000 1.00000
5 1.00000 1.00000
4 1.00000 1.00000
3 1.00000 1.00000
3 1.00000 1.00000
20 1.00000 0.85000
20 1.00000 0.85000
13 0.81250 1.00000
12 1.00000 1.00000
7 1.00000 1.00000
42 1.00000 0.40476
12 1.00000 1.00000
7 0.58333 1.00000
7 1.00000 1.00000
25 0.96154 1.00000
34 1.00000 0.50000
11 1.00000 1.00000
3 1.00000 1.00000
8 1.00000 0.62500
3 1.00000 1.00000
25 0.96154 1.00000
22 0.42308 1.00000
6 1.00000 1.00000
35 1.00000 0.91429
26 0.92593 0.96154
24 1.00000 0.37500
14 1.00000 1.00000
9 0.81818 1.00000
5 1.00000 1.00000
9 0.90000 1.00000
9 0.90000 1.00000
8 1.00000 0.87500
7 1.00000 1.00000
6 1.00000 0.50000
6 1.00000 0.83333
14 0.92857 0.92857
13 1.00000 0.61538
7 0.87500 1.00000
4 1.00000 1.00000
36 1.00000 0.30556
20 1.00000 1.00000
7 0.70000 1.00000
3 1.00000 1.00000
6 1.00000 0.83333
5 1.00000 1.00000
5 1.00000 1.00000
3 1.00000 1.00000
16 1.00000 1.00000
14 1.00000 0.92857
11 1.00000 0.90909
9 1.00000 1.00000
9 0.90000 1.00000
8 1.00000 1.00000
7 1.00000 1.00000
6 1.00000 1.00000
5 1.00000 1.00000
3 1.00000 1.00000
3 1.00000 1.00000
25 0.96154 1.00000
22 0.42308 1.00000
8 1.00000 1.00000
8 1.00000 1.00000
8 1.00000 1.00000
9 1.00000 1.00000
9 1.00000 0.88889
9 0.81818 1.00000
9 1.00000 0.88889
9 0.81818 1.00000
7 1.00000 0.85714
7 1.00000 1.00000
4 1.00000 1.00000
3 1.00000 1.00000
18 1.00000 1.00000
15 0.93333 0.93333
4 1.00000 1.00000
26 0.88235 0.57692
4 1.00000 1.00000
3 1.00000 1.00000
6 1.00000 1.00000
4 1.00000 1.00000
3 1.00000 1.00000
26 1.00000 0.76923
18 1.00000 0.61111
16 1.00000 0.87500
12 0.92308 1.00000
12 1.00000 1.00000
11 1.00000 0.54545
8 1.00000 1.00000
6 0.85714 1.00000
4 1.00000 1.00000
3 1.00000 1.00000
6 1.00000 1.00000
5 1.00000 1.00000
6 1.00000 1.00000
5 1.00000 1.00000
15 1.00000 1.00000
47 1.00000 0.89362
28 1.00000 0.42857
5 1.00000 1.00000
3 1.00000 1.00000
10 1.00000 1.00000
3 1.00000 1.00000
3 1.00000 1.00000
10 1.00000 1.00000
3 1.00000 1.00000
3 1.00000 1.00000
17 0.94118 0.94118
4 1.00000 1.00000
17 1.00000 0.70588
3 1.00000 1.00000
23 1.00000 0.73913
19 0.70000 0.73684
14 1.00000 1.00000
10 1.00000 1.00000
9 1.00000 1.00000
6 0.85714 1.00000
14 0.82353 1.00000
9 0.90000 1.00000
6 1.00000 1.00000
34 1.00000 0.41176
27 0.90000 0.66667
17 1.00000 0.88235
31 0.96667 0.93548
14 0.87500 1.00000
3 1.00000 1.00000
11 1.00000 0.81818
11 1.00000 0.81818
15 1.00000 0.53333
12 0.75000 1.00000
10 1.00000 0.90000
3 1.00000 1.00000
34 0.70833 0.50000
5 1.00000 1.00000
6 1.00000 1.00000
3 1.00000 1.00000
3 1.00000 1.00000
4 1.00000 1.00000
13 1.00000 0.61538
3 1.00000 1.00000
3 1.00000 1.00000
3 1.00000 1.00000
3 1.00000 1.00000
4 1.00000 1.00000
4 1.00000 1.00000
13 1.00000 0.53846
11 1.00000 1.00000
9 1.00000 1.00000
4 1.00000 1.00000
3 1.00000 1.00000
3 1.00000 1.00000
13 1.00000 0.53846
6 1.00000 1.00000
6 1.00000 1.00000
5 1.00000 1.00000
4 1.00000 1.00000
4 1.00000 1.00000
3 1.00000 1.00000
3 1.00000 1.00000
52 1.00000 1.00000
34 0.88889 0.23529
25 0.96154 1.00000
8 1.00000 1.00000
7 1.00000 1.00000
3 1.00000 1.00000
3 1.00000 1.00000
11 1.00000 1.00000
14 0.73684 1.00000
10 1.00000 1.00000
7 1.00000 1.00000
15 0.93750 1.00000
4 1.00000 1.00000
3 1.00000 1.00000
58 0.82609 0.32759
12 1.00000 0.91667
6 1.00000 1.00000
8 1.00000 1.00000
8 1.00000 1.00000
47 0.91667 0.46809
7 0.70000 1.00000
3 1.00000 1.00000
8 1.00000 1.00000
3 1.00000 1.00000
7 0.58333 1.00000
5 1.00000 1.00000
4 1.00000 1.00000
52 1.00000 1.00000
43 0.93333 0.97674
37 1.00000 0.24324
7 1.00000 1.00000
7 1.00000 1.00000
6 1.00000 1.00000
3 1.00000 1.00000
31 0.96667 0.93548
21 0.60000 1.00000
14 0.87500 1.00000
3 1.00000 1.00000
11 1.00000 0.54545
32 1.00000 0.31250
8 1.00000 1.00000
32 1.00000 0.31250
8 1.00000 0.87500
4 1.00000 1.00000
6 0.85714 1.00000
6 0.85714 1.00000
11 1.00000 1.00000
6 0.85714 1.00000
94 1.00000 0.51064
66 1.00000 0.81818
32 1.00000 0.93750
24 0.82143 0.95833
17 0.39535 1.00000
11 0.36667 1.00000
9 1.00000 1.00000
8 1.00000 1.00000
13 1.00000 0.53846
3 1.00000 1.00000
7 1.00000 1.00000
3 1.00000 1.00000
7 1.00000 1.00000
3 1.00000 1.00000
6 1.00000 1.00000
3 1.00000 1.00000
3 1.00000 1.00000
26 0.96154 0.96154
10 1.00000 1.00000
8 0.61538 1.00000
11 1.00000 0.90909
6 0.85714 1.00000
7 0.87500 1.00000
3 1.00000 1.00000
8 1.00000 1.00000
4 1.00000 1.00000
4 1.00000 1.00000
14 0.58333 1.00000
8 0.88889 1.00000
15 0.93750 1.00000
6 1.00000 1.00000
29 0.55769 1.00000
27 0.84375 1.00000
12 0.85714 1.00000
8 0.80000 1.00000
6 1.00000 1.00000
10 1.00000 1.00000
8 1.00000 1.00000
7 0.87500 1.00000
8 1.00000 1.00000
7 0.87500 1.00000
25 0.96154 1.00000
22 0.42308 1.00000
8 1.00000 0.62500
14 0.66667 1.00000
10 1.00000 1.00000
13 1.00000 0.53846
12 1.00000 1.00000
11 0.91667 1.00000
8 1.00000 1.00000
6 1.00000 1.00000
3 1.00000 1.00000
31 0.57692 0.96774
19 0.56250 0.94737
16 0.93750 0.93750
11 1.00000 1.00000
11 1.00000 0.81818
8 0.88889 1.00000
12 1.00000 1.00000
4 1.00000 1.00000
4 1.00000 1.00000
11 1.00000 1.00000
13 1.00000 1.00000
11 1.00000 1.00000
11 1.00000 1.00000
10 1.00000 1.00000
8 1.00000 1.00000
8 1.00000 1.00000
7 1.00000 1.00000
6 0.54545 1.00000
6 1.00000 1.00000
5 1.00000 1.00000
4 1.00000 1.00000
3 1.00000 1.00000
3 1.00000 1.00000
6 0.75000 1.00000
6 0.75000 1.00000
20 1.00000 0.75000
12 1.00000 1.00000
7 1.00000 1.00000
6 1.00000 1.00000
3 1.00000 1.00000
43 0.93333 0.97674
10 0.90909 1.00000
51 1.00000 0.35294
13 0.81250 1.00000
11 0.91667 1.00000
4 1.00000 1.00000
14 0.93333 1.00000
11 0.90909 0.90909
8 0.88889 1.00000
7 0.77778 1.00000
3 1.00000 1.00000
17 1.00000 1.00000
16 0.94118 1.00000
14 0.93333 1.00000
10 1.00000 1.00000
9 1.00000 1.00000
7 0.87500 1.00000
20 0.95238 1.00000
19 1.00000 0.94737
11 1.00000 1.00000
7 0.70000 1.00000
20 0.95238 1.00000
19 1.00000 0.94737
11 1.00000 1.00000
3 1.00000 1.00000
3 1.00000 1.00000
3 1.00000 1.00000
3 1.00000 1.00000
3 1.00000 1.00000
3 1.00000 1.00000
3 1.00000 1.00000
3 1.00000 1.00000
3 1.00000 1.00000
17 1.00000 0.88235
16 1.00000 0.87500
7 1.00000 1.00000
7 1.00000 1.00000
7 1.00000 1.00000
6 1.00000 1.00000
6 1.00000 0.83333
3 1.00000 1.00000
6 1.00000 1.00000
3 1.00000 1.00000
5 1.00000 1.00000
6 1.00000 1.00000
4 1.00000 1.00000
4 1.00000 1.00000
5 1.00000 1.00000
6 0.85714 1.00000
5 1.00000 1.00000
3 1.00000 1.00000
5 1.00000 1.00000
3 1.00000 1.00000
9 1.00000 1.00000
3 1.00000 1.00000
20 1.00000 0.80000
10 1.00000 1.00000
8 1.00000 0.87500
4 1.00000 1.00000
4 1.00000 1.00000
20 1.00000 0.80000
10 1.00000 1.00000
8 1.00000 0.87500
4 1.00000 1.00000
6 1.00000 1.00000
7 1.00000 1.00000
6 1.00000 1.00000
36 0.92000 0.63889
11 1.00000 0.54545
26 1.00000 0.76923
12 0.54545 1.00000
11 1.00000 1.00000
10 1.00000 1.00000
8 1.00000 1.00000
7 1.00000 1.00000
7 0.70000 1.00000
41 1.00000 0.43902
7 0.87500 1.00000
6 1.00000 1.00000
3 1.00000 1.00000
3 1.00000 1.00000
6 1.00000 1.00000
4 1.00000 1.00000
3 1.00000 1.00000
60 0.95652 0.36667
21 0.95455 1.00000
3 1.00000 1.00000
27 0.96429 1.00000
23 1.00000 1.00000
7 1.00000 1.00000
6 1.00000 0.83333
9 0.90000 1.00000
4 1.00000 1.00000
3 1.00000 1.00000
3 1.00000 1.00000
3 1.00000 1.00000
3 1.00000 1.00000
10 0.90909 1.00000
10 0.90909 1.00000
10 0.90909 1.00000
10 0.90909 1.00000
10 0.90909 1.00000
10 0.90909 1.00000
23 0.95833 1.00000
18 1.00000 1.00000
14 1.00000 1.00000
8 1.00000 1.00000
8 1.00000 1.00000
20 0.95238 1.00000
19 1.00000 0.94737
11 1.00000 1.00000
3 1.00000 1.00000
3 1.00000 1.00000
8 1.00000 1.00000
8 1.00000 1.00000
3 1.00000 1.00000
6 1.00000 1.00000
3 1.00000 1.00000
5 1.00000 1.00000
4 1.00000 1.00000
20 0.95238 1.00000
19 1.00000 0.94737
11 1.00000 1.00000
14 0.60870 1.00000
6 1.00000 1.00000
28 0.88889 0.85714
36 0.86111 0.86111
14 0.92857 0.92857
11 1.00000 0.81818
8 1.00000 1.00000
6 1.00000 1.00000
6 1.00000 1.00000
3 1.00000 1.00000
3 1.00000 1.00000
7 0.87500 1.00000
9 1.00000 1.00000
7 1.00000 1.00000
6 1.00000 1.00000
3 1.00000 1.00000
3 1.00000 1.00000
3 1.00000 1.00000
3 1.00000 1.00000
14 1.00000 1.00000
7 0.70000 1.00000
5 1.00000 1.00000
3 1.00000 1.00000
5 1.00000 1.00000
6 0.85714 1.00000
9 0.08108 1.00000
4 1.00000 1.00000
4 1.00000 1.00000
8 1.00000 1.00000
5 0.83333 1.00000
12 0.85714 1.00000
12 1.00000 1.00000
10 0.90909 1.00000
9 0.90000 1.00000
14 0.60870 1.00000
10 0.90909 1.00000
10 0.90909 1.00000
20 1.00000 0.95000
10 1.00000 0.90000
20 1.00000 0.95000
10 1.00000 0.90000
10 0.90909 1.00000
6 1.00000 1.00000
7 0.87500 1.00000
3 1.00000 1.00000
8 1.00000 0.87500
3 1.00000 1.00000
3 1.00000 1.00000
7 0.87500 1.00000
8 1.00000 1.00000
8 1.00000 1.00000
18 1.00000 0.83333
12 1.00000 1.00000
11 1.00000 1.00000
5 1.00000 1.00000
3 1.00000 1.00000
13 1.00000 0.53846
13 0.81250 1.00000
12 1.00000 1.00000
12 0.18182 0.33333
8 0.88889 1.00000
4 1.00000 1.00000
14 0.66667 1.00000
14 1.00000 0.92857
11 1.00000 1.00000
11 0.85714 0.54545
3 1.00000 1.00000
3 1.00000 1.00000
5 1.00000 1.00000
3 1.00000 1.00000
27 1.00000 0.40741
26 0.92308 0.92308
8 1.00000 1.00000
7 1.00000 1.00000
7 1.00000 1.00000
6 1.00000 1.00000
6 1.00000 1.00000
5 0.62500 1.00000
4 1.00000 1.00000
4 1.00000 1.00000
3 1.00000 1.00000
3 1.00000 1.00000
3 1.00000 1.00000
5 1.00000 1.00000
3 1.00000 1.00000
14 0.90000 0.64286
3 1.00000 1.00000
15 0.71429 1.00000
7 1.00000 0.57143
25 0.96154 1.00000
3 1.00000 1.00000
8 1.00000 0.87500
5 1.00000 1.00000
4 1.00000 1.00000
3 1.00000 1.00000
3 1.00000 1.00000
3 1.00000 1.00000
3 1.00000 1.00000
18 1.00000 0.83333
12 1.00000 1.00000
11 1.00000 1.00000
5 1.00000 1.00000
3 1.00000 1.00000
6 1.00000 1.00000
3 1.00000 1.00000
3 1.00000 1.00000
3 1.00000 1.00000
3 1.00000 1.00000
17 1.00000 0.94118
13 0.92857 1.00000
14 1.00000 1.00000
7 0.70000 1.00000
5 1.00000 1.00000
9 1.00000 1.00000
3 1.00000 1.00000
3 1.00000 1.00000
34 0.96970 0.94118
46 1.00000 0.28261
32 0.92593 0.78125
18 0.90000 1.00000
5 1.00000 1.00000
3 1.00000 1.00000
3 1.00000 1.00000
6 1.00000 1.00000
6 1.00000 1.00000
6 1.00000 1.00000
6 1.00000 1.00000
5 1.00000 1.00000
8 1.00000 1.00000
3 1.00000 1.00000
9 1.00000 0.88889
3 1.00000 1.00000
3 1.00000 1.00000
9 0.90000 1.00000
6 1.00000 1.00000
3 1.00000 1.00000
4 1.00000 1.00000
4 1.00000 1.00000
32 1.00000 0.31250
5 1.00000 1.00000
8 1.00000 1.00000
7 0.87500 1.00000
6 1.00000 0.83333
5 0.83333 1.00000
96 1.00000 0.18750
13 0.81250 1.00000
7 1.00000 1.00000
4 1.00000 1.00000
4 1.00000 1.00000
3 1.00000 1.00000
7 1.00000 1.00000
11 1.00000 0.81818
8 1.00000 1.00000
7 1.00000 1.00000
69 1.00000 0.60870
25 1.00000 0.96000
22 1.00000 0.45455
16 1.00000 1.00000
12 1.00000 1.00000
10 1.00000 0.90000
9 1.00000 1.00000
7 0.87500 1.00000
6 1.00000 0.83333
4 1.00000 1.00000
3 1.00000 1.00000
3 1.00000 1.00000
3 1.00000 1.00000
6 1.00000 1.00000
17 1.00000 0.70588
5 1.00000 1.00000
3 1.00000 1.00000
28 0.94118 0.57143
21 1.00000 0.90476
9 1.00000 1.00000
3 1.00000 1.00000
52 1.00000 1.00000
45 0.97778 0.97778
37 1.00000 0.24324
25 0.96154 1.00000
7 1.00000 1.00000
7 1.00000 1.00000
6 1.00000 1.00000
3 1.00000 1.00000
25 1.00000 0.96000
13 1.00000 0.61538
8 1.00000 1.00000
3 1.00000 1.00000
3 1.00000 1.00000
3 1.00000 1.00000
3 1.00000 1.00000
3 1.00000 1.00000
11 1.00000 1.00000
8 1.00000 1.00000
7 0.87500 1.00000
6 1.00000 0.83333
11 0.84615 1.00000
4 1.00000 1.00000
6 1.00000 1.00000
62 0.87931 0.82258
55 0.93103 0.98182
4 1.00000 1.00000
6 1.00000 1.00000
3 1.00000 1.00000
3 1.00000 1.00000
47 0.97619 0.87234
27 1.00000 0.48148
15 1.00000 1.00000
14 0.82353 1.00000
11 1.00000 1.00000
11 1.00000 1.00000
4 1.00000 1.00000
22 1.00000 0.95455
13 1.00000 0.53846
13 0.81250 1.00000
12 1.00000 1.00000
4 1.00000 1.00000
3 1.00000 1.00000
7 1.00000 1.00000
5 1.00000 1.00000
3 1.00000 1.00000
4 1.00000 1.00000
3 1.00000 1.00000
7 1.00000 1.00000
3 1.00000 1.00000
6 1.00000 1.00000
3 1.00000 1.00000
3 1.00000 1.00000
3 1.00000 1.00000
5 1.00000 1.00000
51 0.83333 0.98039
12 0.80000 1.00000
4 1.00000 1.00000
15 0.93750 1.00000
7 1.00000 1.00000
3 1.00000 1.00000
7 1.00000 1.00000
11 0.84615 1.00000
4 1.00000 1.00000
3 1.00000 1.00000
49 1.00000 0.40816
27 0.96296 0.96296
25 1.00000 0.36000
16 1.00000 0.68750
14 1.00000 1.00000
10 0.90909 1.00000
7 1.00000 1.00000
3 1.00000 1.00000
154 0.97101 0.43506
118 0.97959 0.40678
81 0.89583 0.53086
35 1.00000 0.62857
30 1.00000 0.80000
25 0.92593 1.00000
21 0.95238 0.95238
21 1.00000 0.90476
18 1.00000 0.94444
10 1.00000 1.00000
10 1.00000 1.00000
16 1.00000 1.00000
14 1.00000 0.92857
11 1.00000 0.90909
9 1.00000 1.00000
9 0.90000 1.00000
8 1.00000 1.00000
7 1.00000 1.00000
6 1.00000 1.00000
5 1.00000 1.00000
4 1.00000 1.00000
7 1.00000 1.00000
20 0.59259 0.80000
16 1.00000 1.00000
14 1.00000 0.50000
12 1.00000 1.00000
12 1.00000 1.00000
11 1.00000 0.90909
7 0.58333 1.00000
4 1.00000 1.00000
8 1.00000 1.00000
5 0.83333 1.00000
39 0.29310 0.43590
36 1.00000 0.55556
36 1.00000 0.88889
19 0.56250 0.94737
6 1.00000 1.00000
9 1.00000 0.88889
7 1.00000 1.00000
3 1.00000 1.00000
3 1.00000 1.00000
9 1.00000 1.00000
3 1.00000 1.00000
11 1.00000 1.00000
7 1.00000 1.00000
4 1.00000 1.00000
68 1.00000 0.92647
25 1.00000 0.56000
19 1.00000 0.57895
17 1.00000 0.82353
7 1.00000 1.00000
4 1.00000 1.00000
25 1.00000 0.44000
7 1.00000 1.00000
6 1.00000 0.50000
6 1.00000 1.00000
5 1.00000 1.00000
5 1.00000 1.00000
5 1.00000 1.00000
3 1.00000 1.00000
52 1.00000 1.00000
11 1.00000 1.00000
7 1.00000 1.00000
13 1.00000 1.00000
12 1.00000 1.00000
11 1.00000 1.00000
10 1.00000 1.00000
9 1.00000 1.00000
9 1.00000 1.00000
8 1.00000 1.00000
8 1.00000 1.00000
8 1.00000 1.00000
7 1.00000 1.00000
6 1.00000 1.00000
6 1.00000 1.00000
6 1.00000 1.00000
6 1.00000 1.00000
5 1.00000 1.00000
5 1.00000 1.00000
5 1.00000 1.00000
4 1.00000 1.00000
3 1.00000 1.00000
9 0.90000 1.00000
7 1.00000 0.85714
3 1.00000 1.00000
8 1.00000 1.00000
10 0.90909 1.00000
3 1.00000 1.00000
7 1.00000 1.00000
3 1.00000 1.00000
3 1.00000 1.00000
11 1.00000 1.00000
83 0.98276 0.68675
55 0.93103 0.98182
16 1.00000 0.68750
3 1.00000 1.00000
3 1.00000 1.00000
6 1.00000 1.00000
7 1.00000 1.00000
10 1.00000 1.00000
5 1.00000 1.00000
4 1.00000 1.00000
4 1.00000 1.00000
10 1.00000 1.00000
5 1.00000 1.00000
4 1.00000 1.00000
4 1.00000 1.00000
3 1.00000 1.00000
41 0.77273 0.82927
25 0.85714 0.96000
23 0.88000 0.95652
11 1.00000 0.54545
15 1.00000 0.53333
21 0.95000 0.90476
3 1.00000 1.00000
108 1.00000 0.14815
32 0.96429 0.84375
17 1.00000 1.00000
9 1.00000 1.00000
8 0.88889 1.00000
7 1.00000 0.57143
8 1.00000 1.00000
5 1.00000 1.00000
3 1.00000 1.00000
3 1.00000 1.00000
3 1.00000 1.00000
3 1.00000 1.00000
3 1.00000 1.00000
34 1.00000 0.47059
4 1.00000 1.00000
3 1.00000 1.00000
6 1.00000 1.00000
3 1.00000 1.00000
3 1.00000 1.00000
13 1.00000 1.00000
11 1.00000 1.00000
11 1.00000 1.00000
10 1.00000 1.00000
9 1.00000 1.00000
9 1.00000 1.00000
8 1.00000 1.00000
8 1.00000 1.00000
8 1.00000 1.00000
7 1.00000 1.00000
6 1.00000 1.00000
6 1.00000 1.00000
6 1.00000 1.00000
6 1.00000 1.00000
6 1.00000 1.00000
5 1.00000 1.00000
5 1.00000 1.00000
4 1.00000 1.00000
3 1.00000 1.00000
3 1.00000 1.00000
33 0.82353 0.42424
20 1.00000 0.60000
20 0.59259 0.80000
16 1.00000 1.00000
13 1.00000 0.53846
13 0.22727 0.38462
11 0.91667 1.00000
11 1.00000 0.90909
11 1.00000 0.81818
10 0.90909 1.00000
5 1.00000 1.00000
5 1.00000 1.00000
4 1.00000 1.00000
36 0.86111 0.86111
35 0.88462 0.65714
33 1.00000 0.96970
32 1.00000 0.31250
30 0.55769 0.96667
19 0.56250 0.94737
14 0.92857 0.92857
13 1.00000 0.61538
11 1.00000 0.81818
11 1.00000 0.81818
8 0.88889 1.00000
6 1.00000 1.00000
21 0.95455 1.00000
3 1.00000 1.00000
6 1.00000 1.00000
6 1.00000 1.00000
5 0.83333 1.00000
3 1.00000 1.00000
18 0.94737 1.00000
11 1.00000 0.90909
18 1.00000 0.94444
4 1.00000 1.00000
11 0.91667 1.00000
10 1.00000 1.00000
6 1.00000 1.00000
5 0.62500 1.00000
5 1.00000 1.00000
5 1.00000 1.00000
4 1.00000 1.00000
4 1.00000 1.00000
3 1.00000 1.00000
4 1.00000 1.00000
4 1.00000 1.00000
52 1.00000 1.00000
7 1.00000 1.00000
68 1.00000 0.92647
25 1.00000 0.56000
25 1.00000 0.56000
19 1.00000 0.57895
17 1.00000 0.82353
10 1.00000 1.00000
8 1.00000 1.00000
7 1.00000 1.00000
4 1.00000 1.00000
10 1.00000 0.50000
9 1.00000 1.00000
6 1.00000 0.83333
5 1.00000 1.00000
4 1.00000 1.00000
3 1.00000 1.00000
3 1.00000 1.00000
4 1.00000 1.00000
3 1.00000 1.00000
31 1.00000 0.93548
11 1.00000 1.00000
6 1.00000 1.00000
3 1.00000 1.00000
4 1.00000 1.00000
43 0.93333 0.97674
7 1.00000 1.00000
9 1.00000 1.00000
8 1.00000 1.00000
7 1.00000 0.85714
4 1.00000 1.00000
4 1.00000 1.00000
3 1.00000 1.00000
3 1.00000 1.00000
6 1.00000 1.00000
6 1.00000 1.00000
6 1.00000 1.00000
6 1.00000 1.00000
6 1.00000 1.00000
6 1.00000 1.00000
7 1.00000 1.00000
5 0.62500 1.00000
5 1.00000 1.00000
4 1.00000 1.00000
3 1.00000 1.00000
3 1.00000 1.00000
9 1.00000 1.00000
25 0.96154 1.00000
3 1.00000 1.00000
27 0.89655 0.96296
3 1.00000 1.00000
21 0.79167 0.90476
12 1.00000 0.91667
6 0.75000 1.00000
9 0.90000 1.00000
43 0.93333 0.97674
13 0.72727 0.61538
12 1.00000 0.58333
10 0.83333 1.00000
3 1.00000 1.00000
6 1.00000 1.00000
27 0.89655 0.96296
3 1.00000 1.00000
113 1.00000 0.44248
94 1.00000 0.51064
32 1.00000 0.93750
24 0.82143 0.95833
17 0.39535 1.00000
12 0.85714 1.00000
9 1.00000 1.00000
8 1.00000 1.00000
8 1.00000 1.00000
3 1.00000 1.00000
3 1.00000 1.00000
4 1.00000 1.00000
19 1.00000 1.00000
10 1.00000 1.00000
7 0.87500 1.00000
3 1.00000 1.00000
6 1.00000 1.00000
6 1.00000 1.00000
6 1.00000 1.00000
7 1.00000 0.85714
7 1.00000 0.85714
3 1.00000 1.00000
28 0.87500 0.50000
9 0.90000 1.00000
7 1.00000 1.00000
6 1.00000 1.00000
6 0.30000 1.00000
5 1.00000 1.00000
3 1.00000 1.00000
3 1.00000 1.00000
4 1.00000 1.00000
26 1.00000 0.65385
7 1.00000 1.00000
6 1.00000 0.50000
5 1.00000 1.00000
5 1.00000 1.00000
5 1.00000 1.00000
4 1.00000 1.00000
3 1.00000 1.00000
21 0.79167 0.90476
12 1.00000 0.91667
6 0.75000 1.00000
3 1.00000 1.00000
3 1.00000 1.00000
3 1.00000 1.00000
3 1.00000 1.00000
3 1.00000 1.00000
3 1.00000 1.00000
6 1.00000 1.00000
3 1.00000 1.00000
3 1.00000 1.00000
69 1.00000 0.60870
25 1.00000 0.96000
17 1.00000 0.94118
12 1.00000 1.00000
9 1.00000 1.00000
7 0.87500 1.00000
6 1.00000 0.83333
4 1.00000 1.00000
3 1.00000 1.00000
3 1.00000 1.00000
3 1.00000 1.00000
34 0.96970 0.94118
6 1.00000 1.00000
3 1.00000 1.00000
3 1.00000 1.00000
3 1.00000 1.00000
6 0.85714 1.00000
5 1.00000 1.00000
8 1.00000 1.00000
8 1.00000 1.00000
6 0.85714 1.00000
3 1.00000 1.00000
3 1.00000 1.00000
6 1.00000 1.00000
3 1.00000 1.00000
3 1.00000 1.00000
3 1.00000 1.00000
4 1.00000 1.00000
4 1.00000 1.00000
3 1.00000 1.00000
3 1.00000 1.00000
3 1.00000 1.00000
5 1.00000 1.00000
4 1.00000 1.00000
10 0.90909 1.00000
8 1.00000 1.00000
8 1.00000 1.00000
6 0.85714 1.00000
3 1.00000 1.00000
3 1.00000 1.00000
6 1.00000 1.00000
143 1.00000 0.31469
97 1.00000 0.22680
32 1.00000 0.75000
15 1.00000 1.00000
13 0.63636 0.53846
12 1.00000 0.91667
10 0.66667 1.00000
9 1.00000 1.00000
9 1.00000 0.77778
9 1.00000 1.00000
8 1.00000 1.00000
7 1.00000 0.85714
7 1.00000 1.00000
6 0.75000 1.00000
6 0.85714 1.00000
17 1.00000 0.70588
3 1.00000 1.00000
6 0.75000 1.00000
3 1.00000 1.00000
6 0.75000 1.00000
3 1.00000 1.00000
8 1.00000 0.50000
4 1.00000 1.00000
32 0.93750 0.93750
28 1.00000 0.96429
8 1.00000 1.00000
3 1.00000 1.00000
3 1.00000 1.00000
7 1.00000 1.00000
3 1.00000 1.00000
7 1.00000 1.00000
3 1.00000 1.00000
85 1.00000 0.68235
60 1.00000 0.38333
55 0.93103 0.98182
9 1.00000 1.00000
4 1.00000 1.00000
14 0.93333 1.00000
13 1.00000 1.00000
10 1.00000 1.00000
10 1.00000 0.90000
10 1.00000 0.70000
8 1.00000 1.00000
7 1.00000 1.00000
7 1.00000 1.00000
6 1.00000 1.00000
6 1.00000 1.00000
4 1.00000 1.00000
3 1.00000 1.00000
3 1.00000 1.00000
3 1.00000 1.00000
3 1.00000 1.00000
3 1.00000 1.00000
23 1.00000 0.69565
13 1.00000 0.53846
12 1.00000 0.83333
11 1.00000 0.90909
6 1.00000 1.00000
5 1.00000 1.00000
3 1.00000 1.00000
69 1.00000 0.60870
25 1.00000 0.96000
17 1.00000 0.94118
12 1.00000 1.00000
10 1.00000 0.90000
9 1.00000 1.00000
9 1.00000 0.88889
7 0.87500 1.00000
6 1.00000 0.83333
3 1.00000 1.00000
3 1.00000 1.00000
3 1.00000 1.00000
3 1.00000 1.00000
3 1.00000 1.00000
3 1.00000 1.00000
3 1.00000 1.00000
4 1.00000 1.00000
76 0.96875 0.40789
27 0.90909 0.37037
9 1.00000 1.00000
4 1.00000 1.00000
6 1.00000 1.00000
107 1.00000 0.11215
13 0.81250 1.00000
8 1.00000 1.00000
7 1.00000 1.00000
107 1.00000 0.11215
13 0.81250 1.00000
8 1.00000 1.00000
7 1.00000 1.00000
19 1.00000 1.00000
10 1.00000 1.00000
7 0.50000 1.00000
7 0.87500 1.00000
3 1.00000 1.00000
37 1.00000 0.54054
36 1.00000 0.88889
20 1.00000 0.95000
11 1.00000 0.81818
10 1.00000 0.90000
6 1.00000 1.00000
6 1.00000 1.00000
3 1.00000 1.00000
3 1.00000 1.00000
6 1.00000 1.00000
4 1.00000 1.00000
4 1.00000 1.00000
6 1.00000 1.00000
5 1.00000 1.00000
6 1.00000 1.00000
5 1.00000 1.00000
6 1.00000 1.00000
6 1.00000 1.00000
6 1.00000 1.00000
16 1.00000 0.68750
13 1.00000 0.46154
12 1.00000 0.58333
11 1.00000 1.00000
10 0.83333 1.00000
6 1.00000 1.00000
4 1.00000 1.00000
3 1.00000 1.00000
3 1.00000 1.00000
13 0.92857 1.00000
13 1.00000 1.00000
10 1.00000 1.00000
8 1.00000 1.00000
7 1.00000 1.00000
7 1.00000 1.00000
6 1.00000 0.50000
6 1.00000 1.00000
6 1.00000 1.00000
5 1.00000 1.00000
4 1.00000 1.00000
4 1.00000 1.00000
4 1.00000 1.00000
3 1.00000 1.00000
3 1.00000 1.00000
17 1.00000 0.70588
16 1.00000 1.00000
10 1.00000 1.00000
9 1.00000 1.00000
9 0.90000 1.00000
8 1.00000 1.00000
6 1.00000 1.00000
5 1.00000 1.00000
5 1.00000 1.00000
3 1.00000 1.00000
3 1.00000 1.00000
3 1.00000 1.00000
3 1.00000 1.00000
10 1.00000 0.50000
10 0.90909 1.00000
5 1.00000 1.00000
14 0.60870 1.00000
15 1.00000 1.00000
5 1.00000 1.00000
4 1.00000 1.00000
9 0.90000 1.00000
11 1.00000 1.00000
8 1.00000 1.00000
6 1.00000 1.00000
5 1.00000 1.00000
3 1.00000 1.00000
3 1.00000 1.00000
3 1.00000 1.00000
3 1.00000 1.00000
3 1.00000 1.00000
6 1.00000 1.00000
9 1.00000 1.00000
5 1.00000 1.00000
3 1.00000 1.00000
3 1.00000 1.00000
5 1.00000 1.00000
3 1.00000 1.00000
3 1.00000 1.00000
3 1.00000 1.00000
14 0.58333 1.00000
6 1.00000 1.00000
49 0.82143 0.46939
43 0.88462 0.53488
41 1.00000 0.14634
11 0.68750 1.00000
9 0.90000 1.00000
8 0.80000 1.00000
66 0.74000 0.56061
45 1.00000 0.88889
41 0.90476 0.92683
21 0.95455 1.00000
21 1.00000 0.80952
10 1.00000 1.00000
7 0.70000 1.00000
4 1.00000 1.00000
4 1.00000 1.00000
3 1.00000 1.00000
62 0.95238 0.96774
24 1.00000 0.58333
11 1.00000 1.00000
8 1.00000 1.00000
6 1.00000 1.00000
5 1.00000 1.00000
4 1.00000 1.00000
3 1.00000 1.00000
3 1.00000 1.00000
8 1.00000 1.00000
8 1.00000 1.00000
4 1.00000 1.00000
4 1.00000 1.00000
4 1.00000 1.00000
3 1.00000 1.00000
18 1.00000 0.66667
6 1.00000 1.00000
26 1.00000 0.11538
3 1.00000 1.00000
28 1.00000 0.42857
17 1.00000 0.70588
15 1.00000 0.80000
11 0.91667 1.00000
6 1.00000 1.00000
6 1.00000 1.00000
7 1.00000 1.00000
4 1.00000 1.00000
28 1.00000 0.92857
25 1.00000 0.64000
13 1.00000 1.00000
11 1.00000 1.00000
10 0.83333 1.00000
8 1.00000 1.00000
7 0.70000 1.00000
6 1.00000 1.00000
28 1.00000 0.92857
25 1.00000 0.64000
13 1.00000 1.00000
11 1.00000 1.00000
10 0.83333 1.00000
8 1.00000 1.00000
7 0.70000 1.00000
6 1.00000 1.00000
36 1.00000 0.55556
8 1.00000 0.87500
11 1.00000 1.00000
10 1.00000 1.00000
8 1.00000 1.00000
5 0.83333 1.00000
10 0.90909 1.00000
3 1.00000 1.00000
11 0.91667 1.00000
10 1.00000 1.00000
8 1.00000 1.00000
7 1.00000 1.00000
6 1.00000 1.00000
6 1.00000 0.83333
5 0.62500 1.00000
5 1.00000 1.00000
4 1.00000 1.00000
4 1.00000 1.00000
4 1.00000 1.00000
4 1.00000 1.00000
3 1.00000 1.00000
21 0.95455 1.00000
3 1.00000 1.00000
34 0.95833 0.67647
16 1.00000 1.00000
16 1.00000 1.00000
14 1.00000 0.71429
13 1.00000 1.00000
13 1.00000 0.76923
11 1.00000 1.00000
10 1.00000 1.00000
8 1.00000 0.50000
8 0.88889 1.00000
6 1.00000 1.00000
6 1.00000 1.00000
5 1.00000 1.00000
4 1.00000 1.00000
4 1.00000 1.00000
3 1.00000 1.00000
3 1.00000 1.00000
7 1.00000 1.00000
3 1.00000 1.00000
9 0.81818 1.00000
4 1.00000 1.00000
3 1.00000 1.00000
26 0.88235 0.57692
49 1.00000 0.40816
47 1.00000 0.27660
35 1.00000 0.91429
34 0.94118 0.47059
27 0.90000 0.66667
27 0.96296 0.96296
25 1.00000 0.36000
17 1.00000 0.88235
14 1.00000 1.00000
10 0.90909 1.00000
5 1.00000 1.00000
16 1.00000 1.00000
13 1.00000 1.00000
11 1.00000 1.00000
10 0.83333 1.00000
7 1.00000 1.00000
7 1.00000 1.00000
6 1.00000 1.00000
4 1.00000 1.00000
3 1.00000 1.00000
3 1.00000 1.00000
29 0.55769 1.00000
27 0.84375 1.00000
20 1.00000 0.80000
12 0.85714 1.00000
11 1.00000 0.81818
10 1.00000 1.00000
8 0.80000 1.00000
8 1.00000 0.87500
6 1.00000 1.00000
4 1.00000 1.00000
39 0.94444 0.87179
34 0.82353 0.41176
20 1.00000 0.60000
20 0.59259 0.80000
16 1.00000 1.00000
14 1.00000 0.50000
13 0.22727 0.38462
11 0.91667 1.00000
11 1.00000 0.90909
11 1.00000 0.81818
5 1.00000 1.00000
5 1.00000 1.00000
4 1.00000 1.00000
9 0.08108 1.00000
5 1.00000 1.00000
4 1.00000 1.00000
4 1.00000 1.00000
4 1.00000 1.00000
4 1.00000 1.00000
3 1.00000 1.00000
3 1.00000 1.00000
11 1.00000 0.90909
5 1.00000 1.00000
8 1.00000 1.00000
4 1.00000 1.00000
7 1.00000 1.00000
14 1.00000 1.00000
6 1.00000 0.83333
11 1.00000 1.00000
8 0.80000 1.00000
3 1.00000 1.00000
15 1.00000 0.53333
4 1.00000 1.00000
8 1.00000 1.00000
4 1.00000 1.00000
8 1.00000 1.00000
6 0.75000 1.00000
6 1.00000 0.83333
10 0.90909 1.00000
8 1.00000 1.00000
7 0.87500 1.00000
6 0.75000 1.00000
6 1.00000 0.83333
3 1.00000 1.00000
25 1.00000 0.96000
7 1.00000 1.00000
7 1.00000 1.00000
3 1.00000 1.00000
3 1.00000 1.00000
7 1.00000 1.00000
10 0.90909 1.00000
3 1.00000 1.00000
11 1.00000 1.00000
34 1.00000 0.94118
31 1.00000 0.87097
14 1.00000 0.85714
8 1.00000 1.00000
3 1.00000 1.00000
3 1.00000 1.00000
46 0.79310 1.00000
21 1.00000 1.00000
11 0.91667 1.00000
10 1.00000 1.00000
6 1.00000 1.00000
16 1.00000 1.00000
4 1.00000 1.00000
8 1.00000 1.00000
4 1.00000 1.00000
4 1.00000 1.00000
4 1.00000 1.00000
3 1.00000 1.00000
32 1.00000 0.31250
11 1.00000 1.00000
5 1.00000 1.00000
4 1.00000 1.00000
4 1.00000 1.00000
28 0.87500 0.50000
13 1.00000 0.53846
10 1.00000 0.90000
8 0.88889 1.00000
8 1.00000 0.62500
7 1.00000 0.85714
6 1.00000 1.00000
6 1.00000 1.00000
6 0.30000 1.00000
5 1.00000 1.00000
5 1.00000 1.00000
4 1.00000 1.00000
4 1.00000 1.00000
4 1.00000 1.00000
3 1.00000 1.00000
3 1.00000 1.00000
3 1.00000 1.00000
10 1.00000 1.00000
5 1.00000 1.00000
3 1.00000 1.00000
139 0.96774 0.43165
96 1.00000 0.29167
72 1.00000 0.62500
61 0.98333 0.96721
50 1.00000 0.18000
47 0.83333 0.85106
45 0.90909 0.44444
33 0.94286 1.00000
30 1.00000 0.56667
28 1.00000 0.89286
28 1.00000 0.75000
27 1.00000 0.96296
26 1.00000 0.88462
25 1.00000 0.88000
23 1.00000 1.00000
21 1.00000 0.95238
20 0.95238 1.00000
19 0.94118 0.84211
17 1.00000 0.94118
17 1.00000 0.94118
15 1.00000 0.80000
15 0.78947 1.00000
14 0.87500 1.00000
13 1.00000 1.00000
12 1.00000 1.00000
11 1.00000 1.00000
10 1.00000 1.00000
10 0.90909 1.00000
10 1.00000 1.00000
10 1.00000 0.90000
10 1.00000 0.90000
10 1.00000 0.90000
9 1.00000 1.00000
9 1.00000 1.00000
8 0.80000 1.00000
4 1.00000 1.00000
26 1.00000 0.53846
10 0.83333 1.00000
5 0.62500 1.00000
5 1.00000 1.00000
4 1.00000 1.00000
3 1.00000 1.00000
6 0.60000 1.00000
25 1.00000 0.96000
17 1.00000 0.70588
16 1.00000 1.00000
14 1.00000 0.50000
13 1.00000 0.61538
10 1.00000 1.00000
9 1.00000 1.00000
9 0.90000 1.00000
8 1.00000 1.00000
6 1.00000 1.00000
6 1.00000 1.00000
5 1.00000 1.00000
5 1.00000 1.00000
4 1.00000 1.00000
3 1.00000 1.00000
3 1.00000 1.00000
3 1.00000 1.00000
3 1.00000 1.00000
23 1.00000 1.00000
14 0.70000 1.00000
12 0.70588 1.00000
8 0.80000 1.00000
6 1.00000 1.00000
5 1.00000 1.00000
3 1.00000 1.00000
34 1.00000 0.85294
17 1.00000 0.94118
10 1.00000 1.00000
8 1.00000 0.62500
5 0.83333 1.00000
4 1.00000 1.00000
3 1.00000 1.00000
11 1.00000 1.00000
7 1.00000 1.00000
5 0.83333 1.00000
5 0.83333 1.00000
4 1.00000 1.00000
3 1.00000 1.00000
3 1.00000 1.00000
3 1.00000 1.00000
3 1.00000 1.00000
3 1.00000 1.00000
16 1.00000 1.00000
15 0.93750 1.00000
8 1.00000 0.50000
6 1.00000 1.00000
5 1.00000 1.00000
4 1.00000 1.00000
133 0.95918 0.35338
46 0.95455 0.45652
41 1.00000 0.97561
36 0.58140 0.69444
33 1.00000 0.96970
23 1.00000 0.95652
22 0.95238 0.90909
21 1.00000 1.00000
20 1.00000 0.60000
19 0.70370 1.00000
18 0.47826 0.61111
18 1.00000 0.50000
18 1.00000 1.00000
18 0.90000 1.00000
16 0.76190 1.00000
13 0.92857 1.00000
12 0.85714 1.00000
12 1.00000 1.00000
11 1.00000 1.00000
10 0.90909 1.00000
10 1.00000 1.00000
9 0.90000 1.00000
9 1.00000 1.00000
11 1.00000 1.00000
5 1.00000 1.00000
23 1.00000 0.82609
17 1.00000 0.94118
11 1.00000 1.00000
10 1.00000 1.00000
8 1.00000 1.00000
7 1.00000 1.00000
3 1.00000 1.00000
3 1.00000 1.00000
8 1.00000 1.00000
7 1.00000 1.00000
5 0.83333 1.00000
4 1.00000 1.00000
9 1.00000 1.00000
264 0.92500 0.14015
83 1.00000 0.37349
49 0.91667 0.44898
30 1.00000 0.40000
17 1.00000 0.70588
16 1.00000 0.75000
15 0.78947 1.00000
6 1.00000 1.00000
11 1.00000 0.81818
7 1.00000 0.57143
38 1.00000 0.15789
21 0.79167 0.90476
20 0.83333 1.00000
12 1.00000 0.91667
6 0.75000 1.00000
4 1.00000 1.00000
14 0.58333 1.00000
27 0.95238 0.74074
18 1.00000 1.00000
10 1.00000 1.00000
10 1.00000 1.00000
5 1.00000 1.00000
3 1.00000 1.00000
3 1.00000 1.00000
6 1.00000 1.00000
6 1.00000 1.00000
4 1.00000 1.00000
22 1.00000 0.63636
9 1.00000 0.77778
11 1.00000 1.00000
7 1.00000 1.00000
7 1.00000 1.00000
5 0.83333 1.00000
5 0.83333 1.00000
5 1.00000 1.00000
4 1.00000 1.00000
4 1.00000 1.00000
3 1.00000 1.00000
3 1.00000 1.00000
3 1.00000 1.00000
6 0.60000 1.00000
22 1.00000 0.63636
16 1.00000 0.50000
14 1.00000 0.92857
9 1.00000 0.77778
7 1.00000 1.00000
6 1.00000 1.00000
4 1.00000 1.00000
3 1.00000 1.00000
4 1.00000 1.00000
3 1.00000 1.00000
13 1.00000 1.00000
5 1.00000 1.00000
3 1.00000 1.00000
11 1.00000 0.81818
9 1.00000 1.00000
7 1.00000 0.57143
6 1.00000 0.50000
6 1.00000 1.00000
4 1.00000 1.00000
5 1.00000 1.00000
63 0.93617 0.69841
58 0.97917 0.81034
58 1.00000 0.58621
28 0.93333 0.50000
25 0.71429 1.00000
18 0.94737 1.00000
16 0.94118 1.00000
11 1.00000 0.72727
11 1.00000 1.00000
9 0.90000 1.00000
7 1.00000 1.00000
6 0.85714 1.00000
5 1.00000 1.00000
57 1.00000 0.63158
37 1.00000 0.54054
32 1.00000 0.31250
21 0.56250 0.85714
14 0.92857 0.92857
12 1.00000 1.00000
11 1.00000 0.81818
8 0.88889 1.00000
6 1.00000 1.00000
6 1.00000 1.00000
6 1.00000 1.00000
5 1.00000 1.00000
4 1.00000 1.00000
4 1.00000 1.00000
4 1.00000 1.00000
3 1.00000 1.00000
3 1.00000 1.00000
10 1.00000 0.80000
6 1.00000 1.00000
4 1.00000 1.00000
3 1.00000 1.00000
26 1.00000 0.76923
26 1.00000 0.53846
12 0.54545 1.00000
11 1.00000 1.00000
10 1.00000 1.00000
10 0.83333 1.00000
8 1.00000 1.00000
7 1.00000 1.00000
7 0.70000 1.00000
5 0.62500 1.00000
5 1.00000 1.00000
4 1.00000 1.00000
3 1.00000 1.00000
24 0.72727 1.00000
22 0.95652 1.00000
16 1.00000 1.00000
14 1.00000 0.85714
10 0.90909 1.00000
4 1.00000 1.00000
52 1.00000 1.00000
10 1.00000 1.00000
7 1.00000 1.00000
3 1.00000 1.00000
3 1.00000 1.00000
3 1.00000 1.00000
3 1.00000 1.00000
7 1.00000 1.00000
6 1.00000 1.00000
34 1.00000 0.85294
17 1.00000 0.94118
10 1.00000 1.00000
9 1.00000 1.00000
8 1.00000 0.62500
7 1.00000 1.00000
7 1.00000 1.00000
6 1.00000 1.00000
4 1.00000 1.00000
3 1.00000 1.00000
3 1.00000 1.00000
14 0.58333 1.00000
4 1.00000 1.00000
3 1.00000 1.00000
7 1.00000 1.00000
3 1.00000 1.00000
7 1.00000 1.00000
3 1.00000 1.00000
7 1.00000 1.00000
3 1.00000 1.00000
7 1.00000 1.00000
3 1.00000 1.00000
7 1.00000 1.00000
3 1.00000 1.00000
15 0.93750 1.00000
3 1.00000 1.00000
6 1.00000 1.00000
5 1.00000 1.00000
6 1.00000 1.00000
5 1.00000 1.00000
51 0.94595 0.68627
44 0.72414 0.47727
43 0.95000 0.44186
33 0.79487 0.93939
32 1.00000 0.87500
31 1.00000 0.67742
29 0.85714 0.82759
27 1.00000 0.33333
25 0.86207 1.00000
23 1.00000 0.95652
22 1.00000 0.81818
19 0.95000 1.00000
16 1.00000 1.00000
12 0.92308 1.00000
9 1.00000 1.00000
6 1.00000 1.00000
6 1.00000 1.00000
5 1.00000 1.00000
7 1.00000 1.00000
32 1.00000 0.31250
15 1.00000 0.53333
8 1.00000 0.50000
8 0.80000 1.00000
4 1.00000 1.00000
3 1.00000 1.00000
3 1.00000 1.00000
3 1.00000 1.00000
3 1.00000 1.00000
3 1.00000 1.00000
3 1.00000 1.00000
26 0.80000 0.92308
19 1.00000 1.00000
14 1.00000 0.71429
10 0.66667 1.00000
10 1.00000 0.80000
6 1.00000 1.00000
4 1.00000 1.00000
3 1.00000 1.00000
6 0.85714 1.00000
3 1.00000 1.00000
13 0.92857 1.00000
13 1.00000 1.00000
11 1.00000 1.00000
11 1.00000 0.54545
10 1.00000 1.00000
8 1.00000 1.00000
8 1.00000 1.00000
7 1.00000 1.00000
7 1.00000 1.00000
6 1.00000 0.50000
6 1.00000 1.00000
6 1.00000 1.00000
5 1.00000 1.00000
5 1.00000 1.00000
5 0.83333 1.00000
5 1.00000 1.00000
4 1.00000 1.00000
4 1.00000 1.00000
4 1.00000 1.00000
3 1.00000 1.00000
3 1.00000 1.00000
46 0.87500 0.45652
34 0.88000 0.64706
27 1.00000 0.48148
25 0.96000 0.96000
21 1.00000 0.76190
20 1.00000 0.75000
17 1.00000 0.76471
17 1.00000 0.47059
14 1.00000 0.85714
8 1.00000 0.87500
5 1.00000 1.00000
5 1.00000 1.00000
4 1.00000 1.00000
21 0.29412 0.95238
18 0.94737 1.00000
18 1.00000 0.94444
3 1.00000 1.00000
29 0.93548 1.00000
16 1.00000 1.00000
13 1.00000 1.00000
11 1.00000 1.00000
10 0.83333 1.00000
9 0.90000 1.00000
7 1.00000 1.00000
7 1.00000 1.00000
6 1.00000 1.00000
5 0.62500 1.00000
5 1.00000 1.00000
4 1.00000 1.00000
3 1.00000 1.00000
22 1.00000 0.90909
6 1.00000 1.00000
6 1.00000 1.00000
6 1.00000 1.00000
6 1.00000 1.00000
4 1.00000 1.00000
3 1.00000 1.00000
4 1.00000 1.00000
4 1.00000 1.00000
3 1.00000 1.00000
3 1.00000 1.00000
5 1.00000 1.00000
52 1.00000 1.00000
45 0.97778 0.97778
10 1.00000 1.00000
7 1.00000 1.00000
6 1.00000 1.00000
3 1.00000 1.00000
22 1.00000 0.90909
8 0.80000 1.00000
6 1.00000 1.00000
6 1.00000 1.00000
9 1.00000 1.00000
6 1.00000 1.00000
5 1.00000 1.00000
5 1.00000 1.00000
5 0.83333 1.00000
4 1.00000 1.00000
9 1.00000 1.00000
6 1.00000 1.00000
5 1.00000 1.00000
5 1.00000 1.00000
5 0.83333 1.00000
4 1.00000 1.00000
20 1.00000 0.95000
12 1.00000 1.00000
9 0.81818 1.00000
8 0.80000 1.00000
8 0.88889 1.00000
7 0.58333 1.00000
6 1.00000 1.00000
4 1.00000 1.00000
4 1.00000 1.00000
20 1.00000 0.95000
12 1.00000 1.00000
9 0.81818 1.00000
8 0.80000 1.00000
8 0.88889 1.00000
7 0.58333 1.00000
6 1.00000 1.00000
4 1.00000 1.00000
4 1.00000 1.00000
20 1.00000 0.95000
12 1.00000 1.00000
9 0.81818 1.00000
8 0.80000 1.00000
8 0.88889 1.00000
7 0.58333 1.00000
6 1.00000 1.00000
4 1.00000 1.00000
4 1.00000 1.00000
6 1.00000 1.00000
27 0.84375 1.00000
20 1.00000 0.80000
11 1.00000 0.81818
10 1.00000 1.00000
8 0.80000 1.00000
8 0.88889 1.00000
8 1.00000 0.87500
7 1.00000 1.00000
6 1.00000 1.00000
4 1.00000 1.00000
58 0.86957 0.34483
47 0.97619 0.87234
20 0.83333 1.00000
14 1.00000 1.00000
11 1.00000 1.00000
11 1.00000 1.00000
7 0.70000 1.00000
5 1.00000 1.00000
5 1.00000 1.00000
4 1.00000 1.00000
31 1.00000 0.93548
23 1.00000 0.82609
11 1.00000 1.00000
10 1.00000 1.00000
8 1.00000 1.00000
8 1.00000 1.00000
4 1.00000 1.00000
4 1.00000 1.00000
3 1.00000 1.00000
3 1.00000 1.00000
7 0.36842 1.00000
5 1.00000 1.00000
4 1.00000 1.00000
16 0.94118 1.00000
14 0.93333 1.00000
10 1.00000 1.00000
9 0.90000 1.00000
9 1.00000 1.00000
9 0.90000 1.00000
8 1.00000 0.87500
7 1.00000 1.00000
7 0.87500 1.00000
7 0.77778 1.00000
6 1.00000 0.50000
20 1.00000 1.00000
3 1.00000 1.00000
3 1.00000 1.00000
154 0.97101 0.43506
133 0.97959 0.36090
83 0.93750 0.54217
68 0.74000 0.54412
58 0.82609 0.32759
50 1.00000 0.80000
42 0.90476 0.90476
42 0.90909 0.47619
35 1.00000 0.62857
30 1.00000 0.80000
21 0.95455 1.00000
21 0.95238 0.95238
21 1.00000 0.90476
21 1.00000 0.80952
18 1.00000 0.94444
14 1.00000 1.00000
10 1.00000 1.00000
10 1.00000 1.00000
10 1.00000 1.00000
9 1.00000 1.00000
7 0.70000 1.00000
4 1.00000 1.00000
3 1.00000 1.00000
37 0.96000 0.64865
12 1.00000 1.00000
11 1.00000 0.54545
6 1.00000 1.00000
6 1.00000 1.00000
6 1.00000 1.00000
5 1.00000 1.00000
4 1.00000 1.00000
4 1.00000 1.00000
3 1.00000 1.00000
3 1.00000 1.00000
3 1.00000 1.00000
22 1.00000 0.90909
11 1.00000 1.00000
4 1.00000 1.00000
11 1.00000 1.00000
5 1.00000 1.00000
3 1.00000 1.00000
32 1.00000 0.31250
11 1.00000 1.00000
69 1.00000 0.60870
40 1.00000 0.42500
31 1.00000 0.54839
28 0.87500 0.50000
25 1.00000 0.84000
25 1.00000 0.64000
16 1.00000 1.00000
14 0.82353 1.00000
11 1.00000 0.81818
11 1.00000 1.00000
10 1.00000 1.00000
10 1.00000 0.90000
10 1.00000 1.00000
10 1.00000 1.00000
8 0.88889 1.00000
8 0.80000 1.00000
8 1.00000 0.62500
7 1.00000 1.00000
6 1.00000 1.00000
6 1.00000 1.00000
6 1.00000 0.83333
6 1.00000 1.00000
6 0.30000 1.00000
5 1.00000 1.00000
5 1.00000 1.00000
4 1.00000 1.00000
4 1.00000 1.00000
4 1.00000 1.00000
3 1.00000 1.00000
3 1.00000 1.00000
9 0.88889 0.88889
4 1.00000 1.00000
3 1.00000 1.00000
152 0.97500 0.25658
120 1.00000 0.10000
33 1.00000 0.30303
28 1.00000 0.85714
23 1.00000 0.78261
8 1.00000 1.00000
7 1.00000 1.00000
6 0.75000 1.00000
3 1.00000 1.00000
3 1.00000 1.00000
37 0.92308 0.32432
27 1.00000 0.96296
24 0.72727 1.00000
23 1.00000 1.00000
21 1.00000 0.71429
17 1.00000 0.94118
16 0.93750 0.93750
15 1.00000 0.80000
13 0.81250 1.00000
11 1.00000 0.90909
11 1.00000 1.00000
9 0.90000 1.00000
5 1.00000 1.00000
4 1.00000 1.00000
4 1.00000 1.00000
4 1.00000 1.00000
13 0.81250 1.00000
9 1.00000 1.00000
6 0.75000 1.00000
6 1.00000 0.83333
3 1.00000 1.00000
18 1.00000 0.55556
14 0.58333 1.00000
11 1.00000 1.00000
8 1.00000 1.00000
6 1.00000 1.00000
3 1.00000 1.00000
18 1.00000 0.55556
14 0.58333 1.00000
11 1.00000 1.00000
8 1.00000 1.00000
6 1.00000 1.00000
3 1.00000 1.00000
96 1.00000 0.29167
61 0.98333 0.96721
44 0.84091 0.84091
33 1.00000 1.00000
30 1.00000 0.70000
25 1.00000 0.92000
23 0.79167 0.82609
23 1.00000 1.00000
22 0.93750 0.68182
20 0.90909 1.00000
17 1.00000 0.94118
16 1.00000 1.00000
14 1.00000 0.85714
11 0.91667 1.00000
11 1.00000 1.00000
10 1.00000 1.00000
10 1.00000 1.00000
10 1.00000 0.90000
9 1.00000 1.00000
8 0.80000 1.00000
5 1.00000 1.00000
6 1.00000 1.00000
3 1.00000 1.00000
3 1.00000 1.00000
3 1.00000 1.00000
3 1.00000 1.00000
3 1.00000 1.00000
3 1.00000 1.00000
15 0.93750 1.00000
3 1.00000 1.00000
3 1.00000 1.00000
7 1.00000 1.00000
4 1.00000 1.00000
3 1.00000 1.00000
3 1.00000 1.00000
26 1.00000 0.53846
23 1.00000 0.47826
19 1.00000 0.94737
14 1.00000 0.92857
7 1.00000 1.00000
5 1.00000 1.00000
3 1.00000 1.00000
3 1.00000 1.00000
4 1.00000 1.00000
25 1.00000 0.68000
8 1.00000 1.00000
7 0.87500 1.00000
6 0.75000 1.00000
6 1.00000 0.83333
3 1.00000 1.00000
3 1.00000 1.00000
25 0.96154 1.00000
22 0.42308 1.00000
3 1.00000 1.00000
25 1.00000 0.68000
8 1.00000 1.00000
7 0.87500 1.00000
6 0.75000 1.00000
6 1.00000 0.83333
3 1.00000 1.00000
25 1.00000 0.68000
8 1.00000 1.00000
7 0.87500 1.00000
6 0.75000 1.00000
6 1.00000 0.83333
3 1.00000 1.00000
9 1.00000 0.88889
8 1.00000 1.00000
8 1.00000 1.00000
3 1.00000 1.00000
3 1.00000 1.00000
26 1.00000 0.88462
22 1.00000 0.86364
17 1.00000 0.70588
15 0.93750 1.00000
10 1.00000 1.00000
10 0.76923 1.00000
10 1.00000 1.00000
9 0.90000 1.00000
8 1.00000 1.00000
8 1.00000 1.00000
7 1.00000 0.57143
6 1.00000 0.83333
6 1.00000 1.00000
5 1.00000 1.00000
5 1.00000 1.00000
5 1.00000 1.00000
5 1.00000 1.00000
4 1.00000 1.00000
4 1.00000 1.00000
4 1.00000 1.00000
3 1.00000 1.00000
3 1.00000 1.00000
60 0.91892 0.56667
41 1.00000 0.97561
31 0.96667 0.93548
17 1.00000 0.82353
16 1.00000 1.00000
9 1.00000 1.00000
8 1.00000 1.00000
6 0.85714 1.00000
5 1.00000 1.00000
3 1.00000 1.00000
16 0.76190 1.00000
10 1.00000 1.00000
5 1.00000 1.00000
5 1.00000 1.00000
4 1.00000 1.00000
4 1.00000 1.00000
16 0.76190 1.00000
10 1.00000 1.00000
5 1.00000 1.00000
5 1.00000 1.00000
4 1.00000 1.00000
4 1.00000 1.00000
3 1.00000 1.00000
3 1.00000 1.00000
3 1.00000 1.00000
3 1.00000 1.00000
31 1.00000 1.00000
4 1.00000 1.00000
50 0.82143 0.46000
46 0.96154 0.54348
41 1.00000 0.14634
40 0.90909 0.50000
34 1.00000 0.50000
28 0.88889 0.85714
27 0.87097 1.00000
19 1.00000 0.63158
17 0.89474 1.00000
11 0.68750 1.00000
10 0.66667 1.00000
9 0.90000 1.00000
9 1.00000 1.00000
8 0.80000 1.00000
5 1.00000 1.00000
16 1.00000 1.00000
10 0.76923 1.00000
33 1.00000 0.96970
33 1.00000 1.00000
23 1.00000 0.78261
23 0.95833 1.00000
18 1.00000 1.00000
16 1.00000 0.93750
14 1.00000 1.00000
12 0.92308 1.00000
12 0.92308 1.00000
10 1.00000 1.00000
9 1.00000 0.55556
9 1.00000 1.00000
8 1.00000 1.00000
8 1.00000 1.00000
8 1.00000 1.00000
5 1.00000 1.00000
4 1.00000 1.00000
9 1.00000 1.00000
8 1.00000 1.00000
7 1.00000 1.00000
7 1.00000 1.00000
5 1.00000 1.00000
5 1.00000 1.00000
4 1.00000 1.00000
4 1.00000 1.00000
3 1.00000 1.00000
3 1.00000 1.00000
3 1.00000 1.00000
90 1.00000 0.76667
54 1.00000 0.98148
44 0.95455 0.47727
41 1.00000 0.97561
35 1.00000 0.62857
30 1.00000 0.80000
15 0.93333 0.93333
14 1.00000 1.00000
13 0.92857 1.00000
13 0.92857 1.00000
13 0.92857 1.00000
11 1.00000 1.00000
10 1.00000 1.00000
9 1.00000 1.00000
9 1.00000 1.00000
9 1.00000 1.00000
8 1.00000 1.00000
7 1.00000 1.00000
7 1.00000 1.00000
4 1.00000 1.00000
18 1.00000 0.66667
3 1.00000 1.00000
101 1.00000 0.17822
22 1.00000 0.95455
14 1.00000 0.50000
13 1.00000 0.92308
13 0.81250 1.00000
12 1.00000 1.00000
8 0.80000 1.00000
4 1.00000 1.00000
3 1.00000 1.00000
3 1.00000 1.00000
3 1.00000 1.00000
312 1.00000 0.12821
49 0.91667 0.44898
41 1.00000 0.36585
30 1.00000 0.40000
25 0.96000 0.96000
20 1.00000 0.95000
15 0.78947 1.00000
6 1.00000 1.00000
4 1.00000 1.00000
3 1.00000 1.00000
21 0.94444 0.80952
12 1.00000 0.91667
11 1.00000 0.90909
10 0.90909 1.00000
10 0.83333 1.00000
8 1.00000 1.00000
4 1.00000 1.00000
4 1.00000 1.00000
4 1.00000 1.00000
3 1.00000 1.00000
3 1.00000 1.00000
3 1.00000 1.00000
3 1.00000 1.00000
3 1.00000 1.00000
3 1.00000 1.00000
3 1.00000 1.00000
16 1.00000 0.93750
10 1.00000 1.00000
9 0.90000 1.00000
6 1.00000 1.00000
5 1.00000 1.00000
3 1.00000 1.00000
3 1.00000 1.00000
12 1.00000 1.00000
5 0.83333 1.00000
4 1.00000 1.00000
3 1.00000 1.00000
6 1.00000 1.00000
129 1.00000 0.34884
100 1.00000 0.28000
65 0.97872 0.70769
62 1.00000 0.96774
59 0.97917 0.79661
58 1.00000 0.58621
54 1.00000 0.59259
49 0.88636 0.79592
46 0.95455 0.45652
39 1.00000 0.33333
35 0.92308 0.34286
33 1.00000 1.00000
33 0.94286 1.00000
33 1.00000 0.60606
30 1.00000 0.70000
30 1.00000 0.56667
28 0.93333 0.50000
27 1.00000 0.85185
27 1.00000 0.96296
26 1.00000 0.57692
25 1.00000 0.88000
23 0.79167 0.82609
23 1.00000 1.00000
22 0.93750 0.68182
21 1.00000 0.33333
19 0.94118 0.84211
19 1.00000 1.00000
17 1.00000 0.94118
17 1.00000 1.00000
17 1.00000 0.94118
15 0.78947 1.00000
12 1.00000 0.91667
11 1.00000 1.00000
11 1.00000 1.00000
10 1.00000 1.00000
10 1.00000 0.90000
9 0.90000 1.00000
9 1.00000 1.00000
9 1.00000 1.00000
9 1.00000 1.00000
8 0.80000 1.00000
7 1.00000 1.00000
5 1.00000 1.00000
5 1.00000 1.00000
5 1.00000 1.00000
19 1.00000 0.52632
14 0.58333 1.00000
11 1.00000 1.00000
9 1.00000 0.88889
6 1.00000 1.00000
19 1.00000 0.52632
14 0.58333 1.00000
11 1.00000 1.00000
9 1.00000 0.88889
6 1.00000 1.00000
11 1.00000 1.00000
10 1.00000 0.90000
8 1.00000 1.00000
6 1.00000 1.00000
4 1.00000 1.00000
4 1.00000 1.00000
3 1.00000 1.00000
11 1.00000 1.00000
10 1.00000 0.90000
8 1.00000 1.00000
6 1.00000 1.00000
4 1.00000 1.00000
4 1.00000 1.00000
3 1.00000 1.00000
11 1.00000 1.00000
10 1.00000 0.90000
8 1.00000 1.00000
6 1.00000 1.00000
4 1.00000 1.00000
4 1.00000 1.00000
3 1.00000 1.00000
3 1.00000 1.00000
3 1.00000 1.00000
11 1.00000 1.00000
10 1.00000 0.90000
8 1.00000 1.00000
6 1.00000 1.00000
4 1.00000 1.00000
4 1.00000 1.00000
3 1.00000 1.00000
8 1.00000 1.00000
7 1.00000 1.00000
15 0.75000 1.00000
5 1.00000 1.00000
4 1.00000 1.00000
8 1.00000 1.00000
8 1.00000 1.00000
8 1.00000 1.00000
6 0.66667 1.00000
4 1.00000 1.00000
4 1.00000 1.00000
3 1.00000 1.00000
3 1.00000 1.00000
3 1.00000 1.00000
9 1.00000 1.00000
8 1.00000 1.00000
7 1.00000 1.00000
24 0.46000 0.95833
22 0.94444 0.77273
17 1.00000 0.58824
14 1.00000 0.57143
11 1.00000 1.00000
11 1.00000 0.90909
10 0.83333 1.00000
6 1.00000 0.83333
5 1.00000 1.00000
4 1.00000 1.00000
4 1.00000 1.00000
4 1.00000 1.00000
4 1.00000 1.00000
3 1.00000 1.00000
3 1.00000 1.00000
3 1.00000 1.00000
3 1.00000 1.00000
20 1.00000 1.00000
3 1.00000 1.00000
3 1.00000 1.00000
3 1.00000 1.00000
3 1.00000 1.00000
11 1.00000 1.00000
10 1.00000 0.90000
8 1.00000 1.00000
6 1.00000 1.00000
4 1.00000 1.00000
4 1.00000 1.00000
3 1.00000 1.00000
37 1.00000 0.24324
14 0.58333 1.00000
9 0.90000 1.00000
9 1.00000 1.00000
7 1.00000 1.00000
6 1.00000 1.00000
4 1.00000 1.00000
8 1.00000 0.87500
4 1.00000 1.00000
3 1.00000 1.00000
18 1.00000 0.77778
6 1.00000 1.00000
4 1.00000 1.00000
19 1.00000 0.94737
11 1.00000 1.00000
9 1.00000 1.00000
7 1.00000 1.00000
6 1.00000 1.00000
5 0.83333 1.00000
4 1.00000 1.00000
4 1.00000 1.00000
4 1.00000 1.00000
3 1.00000 1.00000
3 1.00000 1.00000
3 1.00000 1.00000
3 1.00000 1.00000
8 1.00000 0.87500
4 1.00000 1.00000
3 1.00000 1.00000
26 1.00000 0.53846
19 1.00000 0.94737
14 1.00000 0.92857
11 1.00000 1.00000
8 1.00000 1.00000
7 1.00000 1.00000
7 1.00000 1.00000
5 1.00000 1.00000
4 1.00000 1.00000
3 1.00000 1.00000
3 1.00000 1.00000
3 1.00000 1.00000
69 1.00000 0.60870
40 1.00000 0.42500
25 1.00000 0.64000
24 1.00000 0.83333
17 1.00000 0.94118
17 1.00000 0.70588
15 1.00000 0.53333
14 1.00000 0.50000
13 1.00000 0.61538
12 1.00000 1.00000
11 1.00000 0.90909
11 1.00000 0.81818
10 1.00000 1.00000
10 1.00000 1.00000
10 1.00000 0.90000
9 0.90000 1.00000
9 0.90000 1.00000
8 1.00000 0.87500
7 1.00000 1.00000
6 1.00000 0.83333
6 1.00000 1.00000
6 1.00000 1.00000
6 1.00000 0.83333
6 0.30000 1.00000
5 1.00000 1.00000
5 1.00000 1.00000
5 1.00000 1.00000
5 1.00000 1.00000
4 1.00000 1.00000
4 1.00000 1.00000
4 1.00000 1.00000
3 1.00000 1.00000
3 1.00000 1.00000
3 1.00000 1.00000
3 1.00000 1.00000
5 1.00000 1.00000
47 1.00000 0.89362
32 1.00000 0.62500
28 1.00000 0.42857
26 1.00000 0.88462
25 1.00000 0.56000
25 1.00000 0.56000
22 1.00000 0.50000
19 1.00000 0.57895
16 1.00000 0.87500
15 0.93750 1.00000
14 1.00000 0.92857
14 1.00000 1.00000
12 1.00000 0.58333
12 1.00000 1.00000
11 1.00000 1.00000
11 1.00000 0.54545
11 1.00000 0.54545
11 1.00000 0.90909
10 1.00000 1.00000
10 1.00000 1.00000
10 0.76923 1.00000
9 0.75000 1.00000
8 1.00000 1.00000
7 0.87500 1.00000
7 1.00000 1.00000
7 1.00000 0.57143
6 0.85714 1.00000
6 1.00000 1.00000
6 1.00000 1.00000
5 1.00000 1.00000
5 1.00000 1.00000
5 1.00000 1.00000
5 1.00000 1.00000
5 1.00000 1.00000
4 1.00000 1.00000
4 1.00000 1.00000
4 1.00000 1.00000
4 1.00000 1.00000
4 1.00000 1.00000
4 1.00000 1.00000
3 1.00000 1.00000
3 1.00000 1.00000
3 1.00000 1.00000
3 1.00000 1.00000
3 1.00000 1.00000
3 1.00000 1.00000
3 1.00000 1.00000
9 1.00000 0.88889
4 1.00000 1.00000
9 1.00000 0.88889
4 1.00000 1.00000
21 0.95455 1.00000
18 1.00000 0.94444
15 1.00000 1.00000
9 1.00000 1.00000
8 0.80000 1.00000
4 1.00000 1.00000
6 1.00000 1.00000
3 1.00000 1.00000
17 1.00000 0.94118
15 0.93750 1.00000
5 1.00000 1.00000
3 1.00000 1.00000
32 1.00000 0.31250
16 1.00000 1.00000
16 1.00000 1.00000
15 0.93750 1.00000
8 0.80000 1.00000
6 1.00000 1.00000
6 1.00000 1.00000
6 1.00000 1.00000
6 1.00000 1.00000
4 1.00000 1.00000
3 1.00000 1.00000
3 1.00000 1.00000
140 0.97959 0.34286
42 0.90476 0.90476
35 1.00000 0.62857
28 0.93103 0.96429
21 0.95455 1.00000
21 1.00000 0.90476
21 1.00000 0.90476
20 0.83333 1.00000
19 0.94737 0.94737
15 0.90000 0.60000
14 0.93333 1.00000
14 1.00000 1.00000
9 1.00000 1.00000
9 1.00000 1.00000
7 0.70000 1.00000
7 1.00000 1.00000
5 1.00000 1.00000
4 1.00000 1.00000
3 1.00000 1.00000
3 1.00000 1.00000
6 1.00000 1.00000
28 1.00000 0.92857
26 1.00000 0.53846
26 0.92308 0.92308
25 1.00000 0.64000
17 1.00000 0.88235
16 1.00000 1.00000
16 1.00000 1.00000
16 1.00000 0.87500
14 0.93333 1.00000
13 1.00000 1.00000
13 1.00000 0.76923
11 1.00000 1.00000
11 1.00000 1.00000
10 1.00000 0.90000
10 1.00000 1.00000
10 0.83333 1.00000
8 1.00000 1.00000
8 1.00000 1.00000
8 1.00000 0.50000
7 1.00000 1.00000
7 1.00000 1.00000
7 1.00000 1.00000
7 1.00000 1.00000
6 1.00000 1.00000
6 1.00000 1.00000
6 1.00000 1.00000
6 1.00000 1.00000
6 1.00000 1.00000
5 1.00000 1.00000
4 1.00000 1.00000
4 1.00000 1.00000
4 1.00000 1.00000
4 1.00000 1.00000
4 1.00000 1.00000
3 1.00000 1.00000
3 1.00000 1.00000
3 1.00000 1.00000
3 1.00000 1.00000
3 1.00000 1.00000
3 1.00000 1.00000
3 1.00000 1.00000
4 1.00000 1.00000
4 1.00000 1.00000
3 1.00000 1.00000
18 1.00000 0.50000
7 1.00000 1.00000
4 1.00000 1.00000
3 1.00000 1.00000
3 1.00000 1.00000
3 1.00000 1.00000
3 1.00000 1.00000
3 1.00000 1.00000
3 1.00000 1.00000
3 1.00000 1.00000
14 0.66667 1.00000
34 1.00000 0.94118
31 1.00000 0.87097
17 1.00000 0.82353
14 1.00000 0.85714
11 1.00000 0.90909
7 1.00000 1.00000
6 1.00000 0.83333
6 0.85714 1.00000
4 1.00000 1.00000
3 1.00000 1.00000
3 1.00000 1.00000
3 1.00000 1.00000
3 1.00000 1.00000
3 1.00000 1.00000
23 1.00000 0.69565
19 1.00000 0.63158
12 1.00000 0.83333
76 0.96875 0.40789
28 1.00000 0.39286
10 1.00000 0.50000
10 0.90909 1.00000
9 1.00000 0.66667
9 1.00000 1.00000
9 0.90000 1.00000
6 1.00000 1.00000
5 1.00000 1.00000
4 1.00000 1.00000
52 1.00000 1.00000
37 1.00000 0.24324
25 0.96154 1.00000
11 1.00000 1.00000
9 0.90000 1.00000
7 1.00000 1.00000
6 1.00000 1.00000
6 1.00000 1.00000
3 1.00000 1.00000
3 1.00000 1.00000
3 1.00000 1.00000
3 1.00000 1.00000
3 1.00000 1.00000
52 1.00000 1.00000
37 1.00000 0.24324
25 0.96154 1.00000
10 1.00000 0.80000
9 0.90000 1.00000
7 1.00000 1.00000
6 1.00000 1.00000
6 1.00000 1.00000
3 1.00000 1.00000
3 1.00000 1.00000
3 1.00000 1.00000
3 1.00000 1.00000
3 1.00000 1.00000
52 1.00000 1.00000
37 1.00000 0.24324
25 0.96154 1.00000
10 1.00000 0.80000
9 0.90000 1.00000
7 1.00000 1.00000
6 1.00000 1.00000
6 1.00000 1.00000
3 1.00000 1.00000
3 1.00000 1.00000
3 1.00000 1.00000
3 1.00000 1.00000
3 1.00000 1.00000
15 0.75000 1.00000
10 1.00000 1.00000
8 1.00000 0.50000
7 1.00000 1.00000
5 1.00000 1.00000
4 1.00000 1.00000
3 1.00000 1.00000
3 1.00000 1.00000
52 1.00000 1.00000
37 1.00000 0.24324
25 0.96154 1.00000
10 1.00000 0.80000
9 0.90000 1.00000
7 1.00000 1.00000
6 1.00000 1.00000
6 1.00000 1.00000
3 1.00000 1.00000
3 1.00000 1.00000
3 1.00000 1.00000
3 1.00000 1.00000
3 1.00000 1.00000
9 0.81818 1.00000
4 1.00000 1.00000
3 1.00000 1.00000
3 1.00000 1.00000
8 0.88889 1.00000
6 0.85714 1.00000
4 1.00000 1.00000
3 1.00000 1.00000
3 1.00000 1.00000
3 1.00000 1.00000
61 1.00000 0.59016
37 1.00000 0.54054
34 0.82353 0.41176
32 1.00000 0.31250
25 1.00000 0.96000
21 1.00000 0.57143
21 0.56250 0.85714
20 0.59259 0.80000
16 1.00000 1.00000
16 1.00000 1.00000
14 1.00000 0.50000
14 0.92857 0.92857
11 1.00000 0.90909
11 1.00000 0.81818
8 1.00000 1.00000
8 0.88889 1.00000
7 1.00000 1.00000
6 1.00000 1.00000
6 1.00000 1.00000
6 1.00000 1.00000
5 1.00000 1.00000
5 1.00000 1.00000
4 1.00000 1.00000
3 1.00000 1.00000
3 1.00000 1.00000
3 1.00000 1.00000
6 1.00000 1.00000
3 1.00000 1.00000
61 1.00000 0.59016
37 1.00000 0.54054
34 0.82353 0.41176
32 1.00000 0.31250
25 1.00000 0.96000
21 1.00000 0.57143
21 0.56250 0.85714
20 0.59259 0.80000
16 1.00000 1.00000
16 1.00000 1.00000
14 1.00000 0.50000
14 0.92857 0.92857
11 1.00000 0.90909
11 1.00000 0.81818
8 1.00000 1.00000
8 0.88889 1.00000
7 1.00000 1.00000
6 1.00000 1.00000
6 1.00000 1.00000
6 1.00000 1.00000
5 1.00000 1.00000
5 1.00000 1.00000
4 1.00000 1.00000
3 1.00000 1.00000
3 1.00000 1.00000
3 1.00000 1.00000
8 1.00000 0.87500
6 1.00000 1.00000
6 1.00000 1.00000
6 0.60000 1.00000
9 0.88889 0.88889
4 1.00000 1.00000
4 1.00000 1.00000
3 1.00000 1.00000
3 1.00000 1.00000
8 0.80000 1.00000
6 1.00000 1.00000
3 1.00000 1.00000
3 1.00000 1.00000
20 1.00000 0.95000
19 1.00000 0.52632
14 0.58333 1.00000
12 1.00000 1.00000
11 1.00000 1.00000
11 1.00000 1.00000
10 1.00000 0.90000
9 1.00000 0.88889
9 0.81818 1.00000
8 1.00000 1.00000
8 0.88889 1.00000
7 0.58333 1.00000
6 1.00000 1.00000
6 0.85714 1.00000
6 1.00000 1.00000
6 1.00000 1.00000
5 1.00000 1.00000
4 1.00000 1.00000
4 1.00000 1.00000
4 1.00000 1.00000
3 1.00000 1.00000
20 1.00000 0.95000
19 1.00000 0.52632
14 0.58333 1.00000
12 1.00000 1.00000
11 1.00000 1.00000
11 1.00000 1.00000
10 1.00000 0.90000
9 1.00000 0.88889
9 0.81818 1.00000
8 1.00000 1.00000
8 0.88889 1.00000
7 0.58333 1.00000
6 1.00000 1.00000
6 0.85714 1.00000
6 1.00000 1.00000
6 1.00000 1.00000
5 1.00000 1.00000
4 1.00000 1.00000
4 1.00000 1.00000
4 1.00000 1.00000
3 1.00000 1.00000
8 0.80000 1.00000
6 1.00000 1.00000
3 1.00000 1.00000
3 1.00000 1.00000
62 0.95238 0.96774
13 1.00000 0.53846
10 1.00000 0.90000
9 0.08108 1.00000
9 1.00000 0.88889
8 1.00000 1.00000
8 1.00000 0.62500
7 1.00000 1.00000
7 1.00000 0.85714
7 1.00000 1.00000
7 1.00000 1.00000
7 1.00000 1.00000
6 1.00000 1.00000
6 1.00000 1.00000
6 1.00000 1.00000
6 1.00000 1.00000
6 0.85714 1.00000
6 1.00000 1.00000
6 0.30000 1.00000
6 1.00000 1.00000
5 0.83333 1.00000
5 1.00000 1.00000
5 1.00000 1.00000
5 0.83333 1.00000
5 1.00000 1.00000
5 1.00000 1.00000
5 1.00000 1.00000
5 1.00000 1.00000
4 1.00000 1.00000
4 1.00000 1.00000
4 1.00000 1.00000
4 1.00000 1.00000
4 1.00000 1.00000
4 1.00000 1.00000
4 1.00000 1.00000
4 1.00000 1.00000
4 1.00000 1.00000
4 1.00000 1.00000
4 1.00000 1.00000
4 1.00000 1.00000
4 1.00000 1.00000
3 1.00000 1.00000
3 1.00000 1.00000
3 1.00000 1.00000
3 1.00000 1.00000
3 1.00000 1.00000
3 1.00000 1.00000
3 1.00000 1.00000
3 1.00000 1.00000
3 1.00000 1.00000
3 1.00000 1.00000
3 1.00000 1.00000
3 1.00000 1.00000
3 1.00000 1.00000
22 1.00000 0.90909
12 0.92308 1.00000
10 0.76923 1.00000
3 1.00000 1.00000
3 1.00000 1.00000
3 1.00000 1.00000
3 1.00000 1.00000
3 1.00000 1.00000
11 1.00000 1.00000
11 1.00000 1.00000
10 1.00000 0.90000
9 1.00000 1.00000
8 1.00000 1.00000
8 1.00000 0.87500
7 1.00000 1.00000
7 1.00000 1.00000
6 1.00000 1.00000
6 1.00000 1.00000
5 0.83333 1.00000
4 1.00000 1.00000
4 1.00000 1.00000
4 1.00000 1.00000
4 1.00000 1.00000
4 1.00000 1.00000
4 1.00000 1.00000
3 1.00000 1.00000
3 1.00000 1.00000
3 1.00000 1.00000
3 1.00000 1.00000
3 1.00000 1.00000
3 1.00000 1.00000
11 1.00000 1.00000
11 1.00000 1.00000
10 1.00000 0.90000
9 1.00000 1.00000
8 1.00000 1.00000
8 1.00000 0.87500
7 1.00000 1.00000
7 1.00000 1.00000
6 1.00000 1.00000
6 1.00000 1.00000
5 0.83333 1.00000
4 1.00000 1.00000
4 1.00000 1.00000
4 1.00000 1.00000
4 1.00000 1.00000
4 1.00000 1.00000
4 1.00000 1.00000
3 1.00000 1.00000
3 1.00000 1.00000
3 1.00000 1.00000
3 1.00000 1.00000
3 1.00000 1.00000
3 1.00000 1.00000
18 1.00000 0.66667
8 0.80000 1.00000
6 1.00000 1.00000
3 1.00000 1.00000
3 1.00000 1.00000
3 1.00000 1.00000
3 1.00000 1.00000
62 0.95238 0.96774
13 1.00000 0.53846
10 1.00000 0.90000
9 0.08108 1.00000
9 1.00000 0.88889
8 1.00000 1.00000
8 1.00000 1.00000
8 1.00000 1.00000
8 1.00000 0.62500
7 1.00000 1.00000
7 1.00000 1.00000
7 1.00000 1.00000
7 0.70000 1.00000
7 1.00000 0.85714
7 1.00000 1.00000
7 1.00000 1.00000
7 1.00000 1.00000
7 1.00000 1.00000
6 1.00000 1.00000
6 1.00000 1.00000
6 1.00000 1.00000
6 1.00000 1.00000
6 0.85714 1.00000
6 1.00000 1.00000
6 0.30000 1.00000
6 1.00000 1.00000
5 0.83333 1.00000
5 1.00000 1.00000
5 1.00000 1.00000
5 0.83333 1.00000
5 1.00000 1.00000
5 1.00000 1.00000
5 1.00000 1.00000
5 1.00000 1.00000
4 1.00000 1.00000
4 1.00000 1.00000
4 1.00000 1.00000
4 1.00000 1.00000
4 1.00000 1.00000
4 1.00000 1.00000
4 1.00000 1.00000
4 1.00000 1.00000
4 1.00000 1.00000
4 1.00000 1.00000
4 1.00000 1.00000
4 1.00000 1.00000
4 1.00000 1.00000
4 1.00000 1.00000
4 1.00000 1.00000
3 1.00000 1.00000
3 1.00000 1.00000
3 1.00000 1.00000
3 1.00000 1.00000
3 1.00000 1.00000
3 1.00000 1.00000
3 1.00000 1.00000
3 1.00000 1.00000
3 1.00000 1.00000
3 1.00000 1.00000
3 1.00000 1.00000
3 1.00000 1.00000
3 1.00000 1.00000
3 1.00000 1.00000
3 1.00000 1.00000
18 1.00000 0.77778
9 1.00000 1.00000
6 1.00000 1.00000
4 1.00000 1.00000
3 1.00000 1.00000
3 1.00000 1.00000
51 0.86207 0.98039
41 0.90909 0.48780
34 1.00000 0.50000
32 1.00000 0.96875
28 0.88889 0.85714
22 1.00000 0.86364
20 0.66667 1.00000
20 1.00000 0.60000
18 1.00000 1.00000
18 0.60714 0.94444
11 1.00000 0.81818
10 0.66667 1.00000
9 0.90000 1.00000
9 0.90000 1.00000
9 1.00000 1.00000
8 1.00000 0.50000
7 1.00000 1.00000
7 1.00000 1.00000
6 1.00000 1.00000
6 1.00000 1.00000
5 1.00000 1.00000
5 1.00000 1.00000
114 1.00000 0.14035
26 1.00000 0.42308
22 1.00000 0.81818
17 1.00000 1.00000
16 1.00000 0.93750
12 0.85714 1.00000
10 1.00000 1.00000
9 1.00000 1.00000
6 1.00000 1.00000
6 0.85714 1.00000
5 1.00000 1.00000
5 1.00000 1.00000
5 1.00000 1.00000
4 1.00000 1.00000
4 1.00000 1.00000
3 1.00000 1.00000
3 1.00000 1.00000
49 1.00000 0.48980
42 1.00000 0.19048
42 1.00000 0.90476
37 0.92308 0.32432
27 1.00000 0.48148
26 1.00000 1.00000
25 1.00000 0.96000
24 1.00000 0.58333
21 1.00000 0.57143
20 0.59259 0.80000
18 1.00000 0.77778
16 1.00000 1.00000
16 1.00000 1.00000
12 1.00000 1.00000
10 1.00000 1.00000
8 1.00000 1.00000
8 1.00000 1.00000
7 1.00000 1.00000
7 1.00000 1.00000
6 1.00000 1.00000
6 1.00000 1.00000
6 1.00000 1.00000
5 1.00000 1.00000
4 1.00000 1.00000
3 1.00000 1.00000
3 1.00000 1.00000
3 1.00000 1.00000
3 1.00000 1.00000
3 1.00000 1.00000
113 1.00000 0.44248
42 0.90476 0.90476
22 0.91667 1.00000
21 0.95455 1.00000
21 1.00000 0.90476
20 1.00000 0.95000
18 1.00000 0.94444
17 1.00000 0.82353
15 0.93750 1.00000
14 1.00000 1.00000
11 1.00000 1.00000
10 1.00000 1.00000
10 1.00000 1.00000
10 1.00000 0.80000
9 1.00000 1.00000
9 1.00000 1.00000
7 1.00000 0.85714
7 1.00000 1.00000
6 1.00000 1.00000
6 0.46154 1.00000
6 0.54545 1.00000
5 1.00000 1.00000
4 1.00000 1.00000
4 1.00000 1.00000
3 1.00000 1.00000
3 1.00000 1.00000
31 1.00000 1.00000
9 1.00000 0.88889
4 1.00000 1.00000
3 1.00000 1.00000
328 0.94000 0.14329
48 1.00000 0.89583
20 1.00000 0.95000
19 1.00000 0.52632
18 1.00000 0.66667
14 0.58333 1.00000
11 1.00000 1.00000
11 1.00000 1.00000
11 1.00000 1.00000
10 1.00000 0.90000
9 1.00000 1.00000
9 1.00000 0.88889
9 0.81818 1.00000
8 1.00000 1.00000
8 0.80000 1.00000
8 0.88889 1.00000
8 1.00000 0.87500
7 0.58333 1.00000
7 1.00000 1.00000
7 1.00000 1.00000
6 1.00000 1.00000
6 1.00000 1.00000
6 1.00000 1.00000
6 1.00000 1.00000
6 1.00000 1.00000
5 0.83333 1.00000
5 1.00000 1.00000
4 1.00000 1.00000
4 1.00000 1.00000
4 1.00000 1.00000
4 1.00000 1.00000
4 1.00000 1.00000
4 1.00000 1.00000
3 1.00000 1.00000
3 1.00000 1.00000
3 1.00000 1.00000
3 1.00000 1.00000
3 1.00000 1.00000
3 1.00000 1.00000
3 1.00000 1.00000
3 1.00000 1.00000
3 1.00000 1.00000
3 1.00000 1.00000
328 0.94000 0.14329
48 1.00000 0.89583
20 1.00000 0.95000
19 1.00000 0.52632
18 1.00000 0.66667
14 0.58333 1.00000
11 1.00000 1.00000
11 1.00000 1.00000
11 1.00000 1.00000
10 1.00000 0.90000
9 1.00000 1.00000
9 1.00000 0.88889
9 0.81818 1.00000
8 1.00000 1.00000
8 0.80000 1.00000
8 0.88889 1.00000
8 1.00000 0.87500
7 0.58333 1.00000
7 1.00000 1.00000
7 1.00000 1.00000
6 1.00000 1.00000
6 1.00000 1.00000
6 1.00000 1.00000
6 1.00000 1.00000
6 1.00000 1.00000
5 0.83333 1.00000
5 1.00000 1.00000
4 1.00000 1.00000
4 1.00000 1.00000
4 1.00000 1.00000
4 1.00000 1.00000
4 1.00000 1.00000
4 1.00000 1.00000
3 1.00000 1.00000
3 1.00000 1.00000
3 1.00000 1.00000
3 1.00000 1.00000
3 1.00000 1.00000
3 1.00000 1.00000
3 1.00000 1.00000
3 1.00000 1.00000
3 1.00000 1.00000
3 1.00000 1.00000
41 0.93750 0.36585
34 1.00000 0.85294
17 1.00000 0.94118
16 1.00000 0.50000
15 1.00000 0.53333
15 0.90909 0.66667
14 1.00000 0.92857
14 1.00000 0.50000
13 0.92857 1.00000
12 1.00000 0.58333
11 1.00000 1.00000
11 1.00000 1.00000
10 1.00000 1.00000
10 1.00000 0.90000
10 0.83333 1.00000
9 1.00000 1.00000
9 0.90000 1.00000
9 1.00000 1.00000
9 1.00000 0.77778
9 0.90000 1.00000
8 1.00000 1.00000
7 1.00000 1.00000
6 1.00000 1.00000
6 1.00000 1.00000
6 1.00000 0.83333
6 1.00000 1.00000
6 1.00000 1.00000
5 1.00000 1.00000
5 1.00000 1.00000
4 1.00000 1.00000
4 1.00000 1.00000
4 1.00000 1.00000
3 1.00000 1.00000
3 1.00000 1.00000
3 1.00000 1.00000
3 1.00000 1.00000
3 1.00000 1.00000
3 1.00000 1.00000
3 1.00000 1.00000
3 1.00000 1.00000
3 1.00000 1.00000
3 1.00000 1.00000
41 0.93750 0.36585
35 1.00000 0.82857
17 1.00000 0.94118
16 1.00000 0.50000
15 0.90909 0.66667
14 1.00000 0.92857
14 1.00000 0.50000
13 0.92857 1.00000
12 1.00000 0.58333
12 1.00000 0.58333
11 1.00000 1.00000
11 1.00000 1.00000
10 1.00000 1.00000
10 1.00000 0.90000
10 0.83333 1.00000
9 1.00000 1.00000
9 0.90000 1.00000
9 1.00000 1.00000
9 1.00000 0.77778
9 0.90000 1.00000
8 1.00000 1.00000
7 1.00000 0.85714
6 1.00000 1.00000
6 1.00000 0.83333
6 1.00000 1.00000
6 1.00000 1.00000
5 1.00000 1.00000
5 1.00000 1.00000
4 1.00000 1.00000
4 1.00000 1.00000
4 1.00000 1.00000
3 1.00000 1.00000
3 1.00000 1.00000
3 1.00000 1.00000
3 1.00000 1.00000
3 1.00000 1.00000
3 1.00000 1.00000
3 1.00000 1.00000
3 1.00000 1.00000
3 1.00000 1.00000
