3 1.00000 1.00000
3 1.00000 1.00000
5 1.00000 1.00000
4 1.00000 0.75000
3 1.00000 1.00000
4 1.00000 1.00000
4 1.00000 1.00000
5 1.00000 1.00000
3 1.00000 1.00000
5 1.00000 1.00000
5 1.00000 1.00000
4 1.00000 1.00000
4 1.00000 1.00000
4 1.00000 1.00000
4 1.00000 1.00000
4 1.00000 1.00000
5 1.00000 0.80000
5 1.00000 0.80000
4 1.00000 1.00000
6 1.00000 1.00000
4 1.00000 1.00000
5 1.00000 1.00000
6 1.00000 1.00000
6 1.00000 1.00000
6 1.00000 1.00000
6 1.00000 1.00000
6 1.00000 0.66667
6 1.00000 1.00000
4 1.00000 1.00000
4 1.00000 1.00000
6 1.00000 1.00000
6 1.00000 1.00000
5 1.00000 1.00000
6 0.85714 1.00000
7 0.87500 1.00000
7 0.87500 1.00000
6 1.00000 1.00000
7 0.63636 1.00000
7 1.00000 1.00000
6 1.00000 1.00000
7 1.00000 1.00000
5 1.00000 1.00000
5 1.00000 1.00000
5 1.00000 1.00000
7 1.00000 1.00000
7 0.63636 1.00000
7 1.00000 1.00000
7 1.00000 1.00000
7 1.00000 1.00000
4 1.00000 1.00000
4 1.00000 1.00000
7 1.00000 1.00000
6 1.00000 1.00000
6 1.00000 1.00000
6 1.00000 1.00000
6 1.00000 1.00000
6 1.00000 1.00000
7 1.00000 0.85714
6 0.85714 1.00000
7 1.00000 1.00000
8 1.00000 1.00000
5 1.00000 0.80000
4 1.00000 1.00000
4 1.00000 1.00000
4 1.00000 1.00000
4 1.00000 1.00000
3 1.00000 1.00000
6 1.00000 1.00000
4 1.00000 1.00000
7 1.00000 1.00000
7 1.00000 1.00000
7 1.00000 1.00000
7 1.00000 0.85714
7 1.00000 1.00000
6 1.00000 1.00000
8 1.00000 0.87500
6 1.00000 1.00000
8 1.00000 1.00000
5 1.00000 0.40000
8 1.00000 1.00000
6 1.00000 0.83333
7 1.00000 1.00000
9 1.00000 0.88889
9 1.00000 0.88889
8 1.00000 0.50000
4 1.00000 1.00000
9 1.00000 1.00000
8 1.00000 1.00000
8 1.00000 0.87500
9 1.00000 1.00000
9 0.90000 1.00000
4 1.00000 1.00000
4 1.00000 1.00000
8 1.00000 1.00000
10 1.00000 0.90000
9 1.00000 0.55556
6 1.00000 1.00000
6 1.00000 1.00000
8 1.00000 1.00000
7 1.00000 1.00000
10 1.00000 1.00000
9 0.26471 1.00000
9 1.00000 1.00000
10 0.90909 1.00000
9 1.00000 1.00000
10 1.00000 0.70000
6 1.00000 1.00000
10 1.00000 0.70000
9 0.90000 1.00000
9 1.00000 1.00000
6 1.00000 1.00000
10 1.00000 0.90000
4 1.00000 1.00000
4 1.00000 1.00000
6 1.00000 1.00000
8 1.00000 1.00000
10 1.00000 0.80000
10 1.00000 1.00000
9 1.00000 0.88889
11 1.00000 1.00000
6 1.00000 1.00000
5 1.00000 0.80000
8 0.88889 1.00000
10 1.00000 1.00000
7 1.00000 1.00000
11 1.00000 1.00000
10 0.90909 1.00000
10 0.90909 1.00000
5 1.00000 0.80000
5 1.00000 0.80000
11 1.00000 0.90909
9 1.00000 1.00000
10 1.00000 0.60000
10 1.00000 0.90000
8 1.00000 0.87500
7 0.63636 1.00000
11 1.00000 0.63636
4 1.00000 1.00000
8 1.00000 0.87500
10 1.00000 1.00000
6 1.00000 1.00000
10 1.00000 0.90000
9 1.00000 1.00000
8 1.00000 0.75000
8 1.00000 0.75000
12 1.00000 1.00000
6 1.00000 1.00000
11 1.00000 1.00000
5 1.00000 0.80000
8 1.00000 0.87500
12 1.00000 1.00000
12 1.00000 1.00000
11 1.00000 1.00000
11 1.00000 1.00000
12 0.92308 1.00000
12 0.92308 1.00000
11 1.00000 0.81818
12 1.00000 1.00000
12 0.91667 0.91667
9 1.00000 1.00000
6 1.00000 1.00000
7 1.00000 1.00000
13 1.00000 0.92308
10 0.90909 1.00000
12 1.00000 0.91667
13 1.00000 1.00000
13 1.00000 1.00000
12 1.00000 1.00000
13 1.00000 1.00000
13 1.00000 1.00000
5 1.00000 0.40000
5 1.00000 0.40000
13 0.80000 0.92308
12 1.00000 1.00000
8 1.00000 1.00000
11 1.00000 0.81818
8 1.00000 0.87500
10 1.00000 0.90000
9 1.00000 0.77778
3 1.00000 1.00000
10 1.00000 0.90000
11 1.00000 0.90909
13 1.00000 0.53846
14 1.00000 0.71429
14 1.00000 0.71429
6 1.00000 1.00000
13 0.92857 1.00000
6 1.00000 1.00000
14 0.84615 0.78571
10 1.00000 0.90000
14 1.00000 0.92857
11 1.00000 1.00000
13 0.81250 1.00000
13 0.81250 1.00000
14 0.81250 0.92857
11 1.00000 1.00000
4 1.00000 1.00000
3 1.00000 1.00000
12 1.00000 0.66667
14 1.00000 0.92857
14 1.00000 0.57143
14 0.86667 0.92857
15 1.00000 0.53333
4 1.00000 1.00000
14 1.00000 0.92857
12 1.00000 1.00000
15 1.00000 1.00000
12 0.92308 1.00000
15 0.93750 1.00000
12 0.91667 0.91667
4 1.00000 1.00000
12 0.91667 0.91667
15 1.00000 1.00000
6 1.00000 1.00000
15 1.00000 0.80000
3 1.00000 1.00000
3 1.00000 1.00000
15 1.00000 1.00000
8 0.88889 1.00000
8 0.88889 1.00000
8 0.88889 1.00000
8 1.00000 1.00000
7 0.63636 1.00000
16 1.00000 0.68750
6 1.00000 0.66667
6 1.00000 0.66667
16 1.00000 0.87500
16 1.00000 0.93750
16 1.00000 0.93750
16 0.81250 0.81250
13 0.81250 1.00000
5 1.00000 0.80000
14 1.00000 1.00000
7 1.00000 1.00000
16 0.63636 0.43750
7 1.00000 1.00000
6 1.00000 1.00000
15 1.00000 0.86667
16 0.84211 1.00000
7 1.00000 1.00000
16 1.00000 0.93750
17 0.69565 0.94118
8 1.00000 0.87500
17 1.00000 0.88235
17 1.00000 0.82353
6 1.00000 0.83333
7 1.00000 1.00000
16 1.00000 1.00000
13 0.81250 1.00000
7 0.63636 1.00000
17 1.00000 0.76471
11 1.00000 0.81818
18 1.00000 0.94444
17 0.82353 0.82353
18 1.00000 0.61111
13 0.81250 1.00000
17 1.00000 0.88235
14 0.81250 0.92857
3 1.00000 1.00000
9 1.00000 1.00000
8 0.80000 1.00000
16 1.00000 0.93750
11 1.00000 1.00000
18 1.00000 0.94444
19 1.00000 0.47368
3 1.00000 1.00000
8 1.00000 0.87500
6 1.00000 1.00000
15 1.00000 0.93333
15 1.00000 0.80000
7 0.63636 1.00000
4 1.00000 1.00000
19 0.80952 0.89474
3 1.00000 1.00000
3 1.00000 1.00000
18 0.91667 0.61111
3 1.00000 1.00000
8 0.88889 1.00000
18 1.00000 0.94444
16 1.00000 0.87500
13 0.81250 1.00000
11 1.00000 1.00000
19 1.00000 0.47368
8 1.00000 1.00000
12 1.00000 1.00000
20 1.00000 0.60000
17 1.00000 0.82353
4 1.00000 1.00000
4 1.00000 1.00000
20 1.00000 1.00000
8 1.00000 1.00000
5 1.00000 0.80000
7 1.00000 1.00000
14 1.00000 0.85714
17 1.00000 0.47059
12 1.00000 1.00000
16 1.00000 1.00000
8 0.88889 1.00000
4 1.00000 1.00000
8 1.00000 1.00000
16 1.00000 0.93750
16 1.00000 0.93750
13 1.00000 0.53846
19 1.00000 0.73684
7 0.63636 1.00000
4 1.00000 1.00000
14 1.00000 1.00000
9 1.00000 0.88889
18 0.94737 1.00000
18 0.88889 0.88889
14 1.00000 0.92857
21 1.00000 0.61905
12 1.00000 0.91667
9 0.90000 1.00000
23 1.00000 0.95652
23 1.00000 0.52174
13 1.00000 0.53846
15 1.00000 0.33333
12 1.00000 1.00000
13 0.81250 1.00000
20 1.00000 0.75000
7 1.00000 1.00000
18 1.00000 1.00000
21 0.91667 0.52381
8 1.00000 1.00000
20 1.00000 0.75000
18 1.00000 0.77778
24 1.00000 0.50000
25 0.86957 0.80000
21 1.00000 1.00000
20 0.95000 0.95000
25 1.00000 0.64000
6 1.00000 0.83333
15 1.00000 0.46667
15 1.00000 0.46667
20 1.00000 0.35000
20 1.00000 0.35000
6 1.00000 1.00000
16 1.00000 1.00000
14 1.00000 0.85714
9 1.00000 0.66667
11 1.00000 0.81818
7 0.63636 1.00000
19 0.92308 0.63158
26 1.00000 0.11538
24 1.00000 0.95833
19 0.92308 0.63158
25 1.00000 0.88000
8 0.88889 1.00000
23 0.88889 0.34783
26 1.00000 0.61538
5 1.00000 1.00000
11 1.00000 0.90909
25 1.00000 0.52000
25 1.00000 0.52000
25 1.00000 0.52000
25 1.00000 0.52000
19 0.92308 0.63158
26 0.92857 1.00000
25 1.00000 0.72000
27 1.00000 0.29630
25 1.00000 0.52000
23 0.76190 0.69565
7 1.00000 1.00000
8 0.88889 1.00000
22 1.00000 0.54545
22 1.00000 0.45455
7 1.00000 1.00000
8 1.00000 1.00000
27 1.00000 0.48148
8 1.00000 1.00000
7 1.00000 1.00000
13 1.00000 0.53846
25 1.00000 0.52000
23 1.00000 0.39130
3 1.00000 1.00000
3 1.00000 1.00000
3 1.00000 1.00000
8 0.88889 1.00000
4 1.00000 1.00000
27 0.96429 1.00000
6 1.00000 1.00000
14 1.00000 1.00000
15 1.00000 0.53333
25 1.00000 0.52000
25 1.00000 0.52000
27 1.00000 0.44444
8 0.88889 1.00000
11 1.00000 1.00000
14 0.93333 1.00000
11 1.00000 1.00000
25 1.00000 0.52000
14 0.93333 1.00000
16 1.00000 1.00000
8 1.00000 1.00000
27 1.00000 0.22222
30 1.00000 0.70000
5 1.00000 1.00000
12 1.00000 1.00000
10 0.58824 1.00000
26 0.90000 0.34615
26 0.90000 0.34615
30 1.00000 0.26667
25 1.00000 0.52000
30 1.00000 0.66667
21 1.00000 0.57143
3 1.00000 1.00000
29 1.00000 0.93103
15 1.00000 0.53333
14 0.93333 1.00000
8 1.00000 0.87500
31 1.00000 0.54839
3 1.00000 1.00000
11 1.00000 1.00000
32 1.00000 0.50000
17 1.00000 0.58824
10 0.90000 0.90000
7 1.00000 1.00000
26 1.00000 0.11538
29 0.80952 0.58621
7 1.00000 1.00000
27 1.00000 0.37037
27 1.00000 0.25926
28 1.00000 0.67857
25 1.00000 0.52000
25 1.00000 0.52000
3 1.00000 1.00000
22 1.00000 0.63636
19 0.95000 1.00000
34 1.00000 0.61765
32 1.00000 0.21875
33 1.00000 0.69697
17 1.00000 0.94118
31 1.00000 0.64516
3 1.00000 1.00000
33 1.00000 0.42424
4 1.00000 1.00000
4 1.00000 1.00000
33 1.00000 0.81818
28 1.00000 0.42857
25 1.00000 0.52000
34 1.00000 0.61765
33 0.91667 0.66667
33 0.91667 0.66667
9 1.00000 0.88889
12 1.00000 1.00000
13 0.92857 1.00000
13 0.92857 1.00000
32 1.00000 0.62500
36 0.95000 0.52778
33 1.00000 0.57576
22 1.00000 0.90909
22 1.00000 0.90909
22 1.00000 0.90909
22 0.94444 0.77273
22 0.94444 0.77273
35 1.00000 0.40000
35 1.00000 0.40000
33 0.90909 0.60606
36 1.00000 0.11111
11 1.00000 1.00000
22 1.00000 0.77273
11 1.00000 1.00000
6 1.00000 1.00000
31 1.00000 0.45161
31 1.00000 0.45161
25 1.00000 0.52000
18 1.00000 0.27778
26 0.86667 0.50000
22 1.00000 0.90909
36 0.86667 0.36111
11 1.00000 1.00000
6 0.85714 1.00000
7 1.00000 1.00000
22 1.00000 0.90909
30 1.00000 0.20000
6 0.85714 1.00000
37 0.93333 0.37838
37 0.93333 0.37838
33 1.00000 0.42424
22 1.00000 0.90909
38 1.00000 0.39474
22 1.00000 0.90909
22 1.00000 0.90909
22 1.00000 0.90909
6 1.00000 1.00000
6 1.00000 1.00000
3 1.00000 1.00000
3 1.00000 1.00000
3 1.00000 1.00000
3 1.00000 1.00000
3 1.00000 1.00000
3 1.00000 1.00000
8 1.00000 0.87500
4 1.00000 1.00000
36 1.00000 0.33333
19 0.92308 0.63158
19 0.92308 0.63158
43 1.00000 0.18605
27 0.86957 0.74074
6 1.00000 1.00000
3 1.00000 1.00000
19 0.92308 0.63158
15 1.00000 0.93333
19 0.92308 0.63158
19 1.00000 0.73684
19 0.92308 0.63158
8 0.88889 1.00000
8 0.88889 1.00000
10 0.90909 1.00000
6 1.00000 0.66667
9 0.90000 1.00000
19 0.92308 0.63158
9 0.81818 1.00000
7 1.00000 1.00000
19 0.92308 0.63158
11 0.91667 1.00000
12 1.00000 1.00000
36 1.00000 0.44444
9 0.90000 1.00000
44 0.95238 0.45455
47 0.96154 0.53191
20 1.00000 0.25000
20 1.00000 0.25000
28 1.00000 0.60714
27 0.90000 0.33333
12 1.00000 1.00000
42 1.00000 0.11905
47 0.96154 0.53191
47 0.96667 0.61702
39 1.00000 0.51282
9 1.00000 0.66667
22 1.00000 0.90909
44 1.00000 0.25000
45 1.00000 0.20000
45 0.88235 0.33333
45 0.88235 0.33333
42 1.00000 0.11905
45 0.95238 0.44444
10 1.00000 1.00000
25 1.00000 0.52000
5 1.00000 1.00000
35 1.00000 0.25714
22 1.00000 0.77273
13 1.00000 0.61538
3 1.00000 1.00000
35 1.00000 0.25714
28 1.00000 0.78571
45 1.00000 0.26667
45 1.00000 0.26667
28 1.00000 0.78571
5 1.00000 1.00000
42 1.00000 0.11905
36 1.00000 0.44444
52 1.00000 0.46154
41 0.88889 0.19512
41 0.88889 0.19512
41 1.00000 0.19512
16 1.00000 0.87500
22 1.00000 0.90909
3 1.00000 1.00000
6 1.00000 1.00000
5 1.00000 1.00000
3 1.00000 1.00000
5 1.00000 1.00000
3 1.00000 1.00000
46 1.00000 0.19565
46 1.00000 0.19565
23 1.00000 0.73913
11 1.00000 1.00000
22 1.00000 0.77273
22 1.00000 0.90909
8 1.00000 1.00000
8 1.00000 1.00000
4 1.00000 1.00000
50 1.00000 0.16000
50 1.00000 0.16000
50 1.00000 0.30000
24 1.00000 0.70833
22 1.00000 0.90909
3 1.00000 1.00000
5 1.00000 0.80000
22 1.00000 0.90909
42 1.00000 0.11905
11 1.00000 1.00000
24 1.00000 0.70833
56 1.00000 0.25000
10 1.00000 0.90000
55 0.83333 0.18182
42 1.00000 0.11905
4 1.00000 1.00000
41 1.00000 0.19512
52 1.00000 0.28846
6 1.00000 1.00000
13 1.00000 0.53846
13 0.81250 1.00000
22 1.00000 0.90909
42 1.00000 0.11905
61 0.97619 0.67213
9 1.00000 1.00000
10 1.00000 0.60000
17 1.00000 0.47059
16 0.81250 0.81250
12 1.00000 0.33333
3 1.00000 1.00000
20 0.85714 0.90000
34 1.00000 0.50000
42 1.00000 0.11905
12 1.00000 1.00000
27 1.00000 0.25926
7 1.00000 1.00000
33 1.00000 0.33333
42 1.00000 0.11905
6 1.00000 1.00000
6 1.00000 1.00000
32 1.00000 0.28125
13 1.00000 0.53846
12 1.00000 1.00000
8 1.00000 0.87500
42 1.00000 0.11905
42 1.00000 0.11905
9 0.81818 1.00000
51 0.87500 0.13725
42 1.00000 0.11905
5 1.00000 1.00000
66 1.00000 0.13636
6 1.00000 1.00000
23 1.00000 0.91304
22 1.00000 0.90909
14 0.93333 1.00000
11 1.00000 0.90909
14 0.93333 1.00000
11 1.00000 0.90909
23 1.00000 0.60870
7 1.00000 1.00000
62 1.00000 0.25806
22 1.00000 0.77273
62 1.00000 0.25806
3 1.00000 1.00000
5 1.00000 1.00000
5 1.00000 1.00000
13 0.81250 1.00000
32 1.00000 0.28125
32 1.00000 0.28125
14 0.84615 0.78571
4 1.00000 1.00000
21 1.00000 1.00000
42 1.00000 0.11905
66 1.00000 0.15152
66 1.00000 0.15152
32 1.00000 0.28125
66 1.00000 0.30303
55 0.83333 0.18182
23 1.00000 0.91304
3 1.00000 1.00000
42 1.00000 0.11905
7 1.00000 0.85714
6 1.00000 1.00000
42 1.00000 0.11905
3 1.00000 1.00000
6 0.85714 1.00000
42 1.00000 0.11905
12 1.00000 1.00000
4 1.00000 1.00000
42 1.00000 0.11905
11 1.00000 0.36364
10 0.58824 1.00000
10 0.90909 1.00000
7 1.00000 1.00000
7 1.00000 1.00000
7 1.00000 1.00000
11 1.00000 1.00000
6 1.00000 1.00000
11 1.00000 0.90909
7 1.00000 1.00000
73 1.00000 0.17808
74 1.00000 0.17568
70 1.00000 0.18571
42 1.00000 0.11905
9 1.00000 0.66667
71 1.00000 0.21127
10 1.00000 1.00000
24 0.92308 0.50000
27 1.00000 0.29630
12 0.84615 0.91667
9 1.00000 0.77778
72 1.00000 0.20833
46 1.00000 0.19565
13 1.00000 1.00000
9 1.00000 0.66667
11 1.00000 1.00000
9 0.75000 1.00000
47 0.87500 0.29787
47 0.87500 0.29787
28 1.00000 0.67857
9 1.00000 0.66667
60 1.00000 0.18333
60 1.00000 0.18333
18 1.00000 0.50000
18 1.00000 0.50000
3 1.00000 1.00000
3 1.00000 1.00000
15 1.00000 0.53333
6 1.00000 1.00000
32 1.00000 0.43750
83 1.00000 0.26506
26 0.92308 0.46154
83 1.00000 0.26506
4 1.00000 1.00000
3 1.00000 1.00000
3 1.00000 1.00000
11 1.00000 1.00000
52 1.00000 0.46154
7 1.00000 1.00000
71 1.00000 0.28169
8 1.00000 1.00000
6 1.00000 1.00000
36 0.95000 0.52778
52 1.00000 0.46154
7 1.00000 1.00000
11 1.00000 0.81818
11 1.00000 0.81818
5 1.00000 0.80000
3 1.00000 1.00000
39 1.00000 0.51282
17 1.00000 0.47059
11 1.00000 0.36364
3 1.00000 1.00000
19 0.92308 0.63158
10 1.00000 0.90000
47 0.96667 0.61702
94 1.00000 0.25532
10 1.00000 0.20000
8 1.00000 1.00000
10 1.00000 0.20000
8 1.00000 1.00000
3 1.00000 1.00000
3 1.00000 1.00000
36 1.00000 0.33333
30 1.00000 0.56667
10 1.00000 1.00000
6 1.00000 1.00000
6 1.00000 1.00000
9 1.00000 1.00000
9 1.00000 1.00000
42 1.00000 0.11905
13 1.00000 0.53846
12 1.00000 1.00000
3 1.00000 1.00000
3 1.00000 1.00000
9 1.00000 0.88889
9 0.88889 0.88889
18 1.00000 0.77778
83 1.00000 0.26506
3 1.00000 1.00000
3 1.00000 1.00000
4 1.00000 1.00000
6 1.00000 1.00000
33 1.00000 0.57576
4 1.00000 1.00000
4 1.00000 1.00000
91 0.96000 0.26374
91 0.96000 0.26374
11 1.00000 1.00000
24 1.00000 0.70833
4 1.00000 1.00000
4 1.00000 1.00000
4 1.00000 1.00000
18 1.00000 0.50000
8 0.88889 1.00000
90 1.00000 0.73333
15 1.00000 1.00000
4 1.00000 1.00000
4 1.00000 0.75000
4 1.00000 1.00000
50 1.00000 0.16000
15 1.00000 0.93333
13 1.00000 0.92308
11 1.00000 0.81818
11 1.00000 1.00000
3 1.00000 1.00000
7 1.00000 1.00000
17 1.00000 0.47059
12 0.92308 1.00000
3 1.00000 1.00000
11 1.00000 0.81818
11 1.00000 1.00000
4 1.00000 1.00000
117 0.96970 0.27350
7 1.00000 1.00000
4 1.00000 1.00000
4 1.00000 1.00000
4 1.00000 1.00000
4 1.00000 1.00000
4 1.00000 1.00000
4 1.00000 1.00000
13 1.00000 0.92308
11 1.00000 0.72727
46 1.00000 0.08696
9 0.75000 1.00000
46 1.00000 0.08696
46 1.00000 0.08696
31 1.00000 0.54839
25 0.86957 0.80000
23 0.76190 0.69565
9 1.00000 0.55556
25 1.00000 0.72000
9 1.00000 1.00000
7 1.00000 1.00000
4 1.00000 0.75000
9 1.00000 0.88889
6 1.00000 1.00000
46 1.00000 0.08696
15 0.93750 1.00000
6 0.85714 1.00000
8 1.00000 0.50000
19 0.92308 0.63158
3 1.00000 1.00000
46 1.00000 0.08696
11 1.00000 1.00000
3 1.00000 1.00000
8 0.88889 1.00000
47 1.00000 0.12766
9 1.00000 1.00000
46 1.00000 0.08696
3 1.00000 1.00000
33 0.91667 0.66667
17 1.00000 0.82353
16 1.00000 0.93750
11 1.00000 0.81818
9 0.90000 1.00000
6 1.00000 1.00000
4 1.00000 1.00000
4 1.00000 1.00000
6 1.00000 1.00000
6 1.00000 1.00000
74 1.00000 0.25676
13 0.81250 1.00000
10 1.00000 0.80000
5 1.00000 0.80000
34 1.00000 0.50000
18 1.00000 0.50000
46 1.00000 0.08696
3 1.00000 1.00000
4 1.00000 1.00000
30 1.00000 0.20000
20 0.95000 0.95000
5 1.00000 1.00000
46 1.00000 0.08696
13 0.81250 1.00000
7 1.00000 1.00000
7 1.00000 1.00000
7 1.00000 1.00000
7 1.00000 1.00000
7 1.00000 1.00000
7 1.00000 1.00000
13 0.92308 0.92308
5 1.00000 1.00000
104 0.96429 0.25962
23 1.00000 0.60870
23 1.00000 0.60870
41 1.00000 0.19512
14 1.00000 1.00000
7 1.00000 1.00000
46 1.00000 0.08696
12 1.00000 1.00000
25 1.00000 0.52000
22 1.00000 0.90909
3 1.00000 1.00000
23 1.00000 0.56522
12 1.00000 0.83333
8 1.00000 0.87500
4 1.00000 1.00000
31 1.00000 0.64516
41 1.00000 0.29268
10 1.00000 1.00000
4 1.00000 1.00000
4 1.00000 1.00000
5 1.00000 0.80000
4 1.00000 1.00000
46 1.00000 0.08696
5 1.00000 1.00000
11 1.00000 0.90909
11 1.00000 0.90909
11 1.00000 0.90909
7 1.00000 0.71429
7 1.00000 1.00000
4 1.00000 1.00000
4 1.00000 1.00000
4 1.00000 1.00000
113 1.00000 0.24779
138 1.00000 0.21014
138 1.00000 0.21014
10 1.00000 1.00000
10 0.90909 1.00000
5 1.00000 1.00000
7 1.00000 1.00000
7 1.00000 1.00000
12 1.00000 1.00000
7 1.00000 1.00000
15 1.00000 0.80000
3 1.00000 1.00000
13 1.00000 0.92308
16 1.00000 0.87500
16 1.00000 0.87500
4 1.00000 1.00000
4 1.00000 1.00000
3 1.00000 1.00000
28 1.00000 0.42857
54 1.00000 0.25926
35 1.00000 0.48571
13 0.76471 1.00000
9 1.00000 1.00000
8 1.00000 1.00000
7 0.87500 1.00000
4 1.00000 1.00000
10 0.90909 1.00000
10 0.90909 1.00000
10 0.90909 1.00000
10 0.90909 1.00000
10 0.90909 1.00000
10 0.90909 1.00000
28 0.93333 0.50000
10 1.00000 0.90000
8 1.00000 1.00000
4 1.00000 1.00000
17 1.00000 0.58824
14 1.00000 0.57143
25 1.00000 0.84000
47 1.00000 0.12766
9 1.00000 0.77778
3 1.00000 1.00000
52 1.00000 0.46154
7 1.00000 1.00000
16 1.00000 0.93750
10 1.00000 0.90000
11 1.00000 1.00000
8 1.00000 0.62500
3 1.00000 1.00000
9 1.00000 0.77778
3 1.00000 1.00000
18 1.00000 0.61111
6 1.00000 1.00000
8 1.00000 1.00000
4 1.00000 0.75000
3 1.00000 1.00000
22 1.00000 0.90909
3 1.00000 1.00000
6 1.00000 1.00000
6 0.85714 1.00000
3 1.00000 1.00000
4 1.00000 1.00000
7 1.00000 1.00000
7 1.00000 1.00000
7 1.00000 1.00000
3 1.00000 1.00000
29 0.95000 0.65517
27 1.00000 0.85185
12 0.85714 1.00000
6 1.00000 1.00000
9 1.00000 0.77778
5 1.00000 1.00000
4 1.00000 1.00000
46 1.00000 0.08696
16 1.00000 0.62500
16 1.00000 0.62500
4 1.00000 0.75000
12 0.91667 0.91667
7 1.00000 1.00000
6 0.85714 1.00000
7 1.00000 1.00000
7 1.00000 1.00000
12 1.00000 1.00000
7 0.87500 1.00000
7 1.00000 1.00000
7 1.00000 1.00000
8 0.88889 1.00000
3 1.00000 1.00000
23 1.00000 0.56522
12 1.00000 0.83333
7 1.00000 1.00000
57 1.00000 0.24561
21 1.00000 0.61905
9 1.00000 0.77778
12 0.84615 0.91667
6 1.00000 1.00000
4 1.00000 1.00000
11 1.00000 0.90909
4 1.00000 0.75000
91 1.00000 0.07692
4 1.00000 1.00000
7 1.00000 0.71429
7 1.00000 0.71429
11 1.00000 1.00000
5 1.00000 1.00000
4 1.00000 1.00000
30 1.00000 0.50000
9 1.00000 1.00000
9 1.00000 0.88889
11 1.00000 0.81818
3 1.00000 1.00000
11 1.00000 0.36364
6 1.00000 1.00000
6 0.85714 1.00000
19 1.00000 0.47368
12 1.00000 0.91667
7 1.00000 1.00000
4 1.00000 1.00000
7 1.00000 0.85714
31 1.00000 0.45161
29 0.80952 0.58621
4 1.00000 1.00000
4 1.00000 1.00000
4 1.00000 1.00000
4 1.00000 1.00000
4 1.00000 1.00000
4 1.00000 1.00000
4 1.00000 1.00000
9 1.00000 1.00000
3 1.00000 1.00000
7 1.00000 0.85714
9 0.26471 1.00000
5 1.00000 0.80000
5 1.00000 0.80000
13 0.92857 1.00000
7 1.00000 0.85714
30 1.00000 0.70000
7 1.00000 1.00000
119 1.00000 0.05882
13 1.00000 0.92308
9 1.00000 0.88889
4 1.00000 1.00000
4 1.00000 1.00000
15 1.00000 0.46667
7 1.00000 1.00000
5 1.00000 1.00000
13 1.00000 0.53846
9 1.00000 1.00000
6 1.00000 0.83333
11 1.00000 0.81818
51 1.00000 0.07843
3 1.00000 1.00000
6 1.00000 0.66667
5 1.00000 1.00000
8 1.00000 1.00000
4 1.00000 0.75000
42 0.91667 0.26190
42 0.91667 0.26190
3 1.00000 1.00000
9 1.00000 0.88889
8 0.88889 1.00000
8 0.88889 1.00000
7 1.00000 1.00000
18 1.00000 0.72222
13 1.00000 0.92308
51 1.00000 0.07843
5 1.00000 1.00000
3 1.00000 1.00000
11 1.00000 0.81818
47 1.00000 0.12766
90 1.00000 0.17778
32 1.00000 0.21875
6 1.00000 1.00000
6 1.00000 1.00000
7 1.00000 1.00000
104 0.96429 0.25962
48 1.00000 0.50000
7 1.00000 1.00000
7 1.00000 1.00000
16 1.00000 1.00000
4 1.00000 1.00000
11 1.00000 1.00000
6 1.00000 1.00000
3 1.00000 1.00000
8 1.00000 1.00000
3 1.00000 1.00000
4 1.00000 1.00000
17 0.92308 0.70588
4 1.00000 1.00000
44 1.00000 0.25000
4 1.00000 1.00000
3 1.00000 1.00000
44 1.00000 0.25000
5 1.00000 1.00000
3 1.00000 1.00000
34 1.00000 0.47059
9 1.00000 0.55556
7 1.00000 0.85714
4 1.00000 1.00000
3 1.00000 1.00000
3 1.00000 1.00000
3 1.00000 1.00000
50 0.91667 0.44000
41 0.91667 0.26829
6 1.00000 0.83333
46 0.95238 0.43478
21 1.00000 1.00000
18 1.00000 0.94444
11 1.00000 1.00000
14 0.81250 0.92857
6 1.00000 1.00000
31 1.00000 0.35484
31 1.00000 0.35484
4 1.00000 1.00000
4 1.00000 1.00000
4 1.00000 1.00000
28 0.93333 0.50000
10 1.00000 0.90000
8 1.00000 1.00000
4 1.00000 1.00000
26 1.00000 0.61538
4 1.00000 1.00000
4 1.00000 1.00000
19 1.00000 0.89474
14 1.00000 0.71429
4 1.00000 1.00000
4 1.00000 1.00000
20 1.00000 0.85000
18 1.00000 0.94444
42 1.00000 0.11905
13 0.81250 1.00000
9 0.81818 1.00000
7 1.00000 1.00000
7 1.00000 1.00000
47 1.00000 0.12766
4 1.00000 1.00000
3 1.00000 1.00000
19 1.00000 0.89474
14 1.00000 0.71429
14 0.93333 1.00000
3 1.00000 1.00000
8 1.00000 1.00000
51 0.87500 0.13725
19 0.95000 1.00000
8 0.88889 1.00000
7 1.00000 1.00000
3 1.00000 1.00000
13 1.00000 0.76923
13 1.00000 1.00000
42 1.00000 0.11905
12 1.00000 1.00000
11 1.00000 1.00000
13 1.00000 0.53846
13 1.00000 0.53846
3 1.00000 1.00000
11 1.00000 1.00000
5 1.00000 1.00000
46 1.00000 0.10870
13 1.00000 0.53846
3 1.00000 1.00000
33 1.00000 0.42424
3 1.00000 1.00000
3 1.00000 1.00000
17 1.00000 0.76471
8 0.88889 1.00000
5 1.00000 1.00000
66 1.00000 0.15152
45 0.88235 0.33333
25 1.00000 0.88000
11 1.00000 1.00000
9 1.00000 1.00000
8 0.80000 1.00000
9 1.00000 0.77778
9 1.00000 0.77778
8 1.00000 0.87500
6 1.00000 1.00000
9 1.00000 0.66667
3 1.00000 1.00000
61 0.97619 0.67213
28 1.00000 0.60714
17 1.00000 0.94118
12 1.00000 1.00000
10 1.00000 0.70000
18 1.00000 0.55556
4 1.00000 1.00000
32 1.00000 0.50000
24 1.00000 0.95833
15 1.00000 1.00000
33 1.00000 0.42424
23 1.00000 0.91304
16 0.63636 0.43750
5 1.00000 1.00000
6 1.00000 1.00000
35 1.00000 0.45714
12 1.00000 0.91667
9 1.00000 0.88889
6 1.00000 1.00000
5 1.00000 0.80000
52 1.00000 0.46154
45 1.00000 0.26667
34 1.00000 0.23529
8 1.00000 1.00000
6 1.00000 1.00000
52 1.00000 0.46154
45 1.00000 0.26667
34 1.00000 0.23529
8 1.00000 1.00000
6 1.00000 1.00000
9 1.00000 1.00000
10 1.00000 0.70000
9 1.00000 1.00000
12 0.92308 1.00000
4 1.00000 1.00000
3 1.00000 1.00000
9 0.81818 1.00000
6 1.00000 1.00000
4 1.00000 1.00000
5 1.00000 1.00000
3 1.00000 1.00000
25 1.00000 0.64000
12 1.00000 0.66667
25 1.00000 0.60000
14 1.00000 0.92857
12 1.00000 0.83333
11 1.00000 1.00000
14 0.93333 1.00000
8 0.88889 1.00000
4 1.00000 1.00000
8 1.00000 0.87500
3 1.00000 1.00000
9 0.90000 1.00000
9 0.90000 1.00000
25 1.00000 0.52000
9 1.00000 1.00000
7 1.00000 1.00000
6 1.00000 1.00000
5 1.00000 1.00000
8 0.88889 1.00000
12 1.00000 1.00000
12 0.92308 1.00000
5 1.00000 0.80000
8 1.00000 0.75000
8 1.00000 0.75000
14 0.87500 1.00000
10 1.00000 0.90000
4 1.00000 1.00000
3 1.00000 1.00000
7 1.00000 1.00000
11 1.00000 0.63636
17 1.00000 0.82353
11 0.84615 1.00000
9 1.00000 0.88889
51 1.00000 0.07843
11 1.00000 0.90909
11 1.00000 0.90909
9 1.00000 1.00000
27 1.00000 0.48148
23 1.00000 0.52174
10 1.00000 0.90000
9 1.00000 1.00000
5 1.00000 0.80000
5 1.00000 1.00000
31 1.00000 0.25806
31 1.00000 0.32258
18 1.00000 0.94444
22 1.00000 0.90909
6 1.00000 1.00000
8 1.00000 1.00000
7 0.87500 1.00000
8 1.00000 1.00000
7 0.87500 1.00000
22 1.00000 0.90909
9 1.00000 0.66667
3 1.00000 1.00000
12 0.92308 1.00000
11 1.00000 1.00000
6 1.00000 1.00000
5 1.00000 0.80000
74 1.00000 0.17568
28 1.00000 0.78571
3 1.00000 1.00000
8 1.00000 1.00000
7 1.00000 1.00000
6 1.00000 1.00000
6 1.00000 1.00000
3 1.00000 1.00000
3 1.00000 1.00000
23 1.00000 0.60870
8 1.00000 1.00000
11 1.00000 0.90909
21 1.00000 0.85714
6 1.00000 0.83333
6 1.00000 1.00000
34 1.00000 0.61765
11 1.00000 0.90909
11 1.00000 0.90909
11 1.00000 0.90909
11 1.00000 0.90909
11 1.00000 0.90909
6 1.00000 1.00000
43 1.00000 0.18605
28 1.00000 0.42857
27 1.00000 0.29630
23 1.00000 0.95652
9 1.00000 1.00000
8 0.88889 1.00000
7 1.00000 1.00000
3 1.00000 1.00000
18 0.94737 1.00000
5 1.00000 0.40000
12 1.00000 0.91667
41 1.00000 0.29268
18 1.00000 0.50000
11 1.00000 1.00000
8 1.00000 1.00000
3 1.00000 1.00000
14 1.00000 0.92857
7 1.00000 1.00000
11 1.00000 0.90909
18 1.00000 0.61111
17 0.78947 0.88235
5 1.00000 1.00000
4 1.00000 1.00000
3 1.00000 1.00000
7 1.00000 0.85714
16 1.00000 0.62500
6 1.00000 1.00000
47 1.00000 0.12766
30 1.00000 0.26667
15 1.00000 0.80000
42 1.00000 0.11905
12 1.00000 1.00000
4 1.00000 1.00000
34 1.00000 0.23529
18 1.00000 0.94444
6 1.00000 0.83333
4 1.00000 1.00000
20 0.85000 0.85000
20 0.85000 0.85000
20 0.85000 0.85000
8 1.00000 1.00000
8 1.00000 1.00000
26 0.93333 0.53846
7 1.00000 0.57143
6 1.00000 1.00000
4 1.00000 1.00000
4 1.00000 1.00000
3 1.00000 1.00000
91 0.96000 0.26374
27 1.00000 0.22222
10 1.00000 1.00000
12 1.00000 0.83333
17 1.00000 0.41176
3 1.00000 1.00000
3 1.00000 1.00000
9 1.00000 0.88889
3 1.00000 1.00000
17 1.00000 0.82353
11 0.84615 1.00000
22 1.00000 0.54545
11 1.00000 0.90909
21 0.95238 0.95238
17 1.00000 0.41176
14 0.87500 1.00000
17 1.00000 0.41176
5 1.00000 1.00000
32 1.00000 0.28125
13 1.00000 0.61538
32 1.00000 0.28125
13 1.00000 0.61538
8 1.00000 0.87500
3 1.00000 1.00000
6 1.00000 1.00000
3 1.00000 1.00000
11 1.00000 0.90909
9 1.00000 1.00000
9 1.00000 1.00000
5 1.00000 1.00000
4 1.00000 1.00000
4 1.00000 1.00000
7 1.00000 1.00000
6 1.00000 1.00000
39 0.86667 0.33333
11 1.00000 0.90909
3 1.00000 1.00000
9 1.00000 0.77778
9 1.00000 0.77778
8 0.88889 1.00000
5 1.00000 1.00000
6 1.00000 1.00000
90 1.00000 0.73333
16 1.00000 1.00000
26 1.00000 0.84615
25 1.00000 0.56000
10 1.00000 1.00000
9 1.00000 1.00000
8 1.00000 1.00000
9 1.00000 1.00000
4 1.00000 1.00000
4 1.00000 1.00000
3 1.00000 1.00000
34 1.00000 0.47059
9 1.00000 0.55556
8 0.88889 1.00000
22 1.00000 0.90909
8 1.00000 1.00000
3 1.00000 1.00000
3 1.00000 1.00000
21 1.00000 0.57143
14 1.00000 0.85714
25 1.00000 0.52000
4 1.00000 1.00000
25 1.00000 0.32000
25 1.00000 0.52000
22 1.00000 0.90909
4 1.00000 1.00000
56 1.00000 0.37500
14 1.00000 0.92857
33 1.00000 0.33333
14 1.00000 0.85714
9 1.00000 0.66667
7 1.00000 1.00000
33 0.90909 0.60606
20 1.00000 0.75000
6 1.00000 1.00000
6 1.00000 0.83333
41 1.00000 0.19512
20 1.00000 0.60000
18 1.00000 0.50000
9 1.00000 1.00000
5 1.00000 1.00000
9 1.00000 1.00000
4 1.00000 1.00000
11 1.00000 1.00000
10 0.90909 1.00000
10 1.00000 0.70000
14 0.93333 1.00000
3 1.00000 1.00000
5 1.00000 1.00000
25 1.00000 0.52000
22 1.00000 0.90909
6 1.00000 1.00000
3 1.00000 1.00000
8 1.00000 0.87500
6 0.85714 1.00000
5 1.00000 0.80000
23 1.00000 0.39130
9 1.00000 1.00000
8 1.00000 0.87500
8 1.00000 0.87500
8 1.00000 0.87500
8 1.00000 0.87500
8 1.00000 0.87500
8 1.00000 0.87500
8 1.00000 0.87500
8 1.00000 0.87500
8 1.00000 0.87500
6 1.00000 1.00000
36 1.00000 0.33333
30 1.00000 0.56667
15 1.00000 0.33333
13 1.00000 1.00000
10 1.00000 1.00000
54 1.00000 0.25926
35 1.00000 0.48571
9 1.00000 0.88889
45 1.00000 0.20000
11 1.00000 0.72727
8 1.00000 1.00000
7 1.00000 1.00000
11 1.00000 0.90909
11 1.00000 0.90909
12 0.92308 1.00000
6 0.85714 1.00000
10 0.71429 1.00000
9 1.00000 1.00000
42 1.00000 0.11905
13 1.00000 0.53846
12 1.00000 1.00000
8 0.88889 1.00000
8 1.00000 0.87500
7 0.63636 1.00000
4 1.00000 1.00000
6 1.00000 1.00000
117 0.96970 0.27350
19 0.80952 0.89474
18 0.91667 0.61111
10 1.00000 0.90000
31 1.00000 0.61290
4 1.00000 1.00000
3 1.00000 1.00000
15 1.00000 1.00000
7 1.00000 1.00000
8 1.00000 1.00000
7 1.00000 1.00000
4 1.00000 1.00000
7 1.00000 1.00000
5 1.00000 1.00000
6 1.00000 1.00000
3 1.00000 1.00000
20 1.00000 0.25000
17 1.00000 0.82353
16 1.00000 0.93750
16 1.00000 0.93750
8 1.00000 0.87500
5 1.00000 1.00000
4 1.00000 1.00000
3 1.00000 1.00000
3 1.00000 1.00000
44 0.95238 0.45455
30 1.00000 0.50000
27 1.00000 0.62963
16 1.00000 0.75000
16 1.00000 0.93750
32 1.00000 0.28125
6 1.00000 1.00000
6 1.00000 1.00000
15 1.00000 1.00000
28 1.00000 0.42857
17 1.00000 0.76471
3 1.00000 1.00000
3 1.00000 1.00000
5 1.00000 0.80000
20 0.94737 0.90000
18 1.00000 0.61111
16 0.81250 0.81250
3 1.00000 1.00000
4 1.00000 1.00000
10 1.00000 0.90000
52 1.00000 0.46154
7 1.00000 1.00000
52 1.00000 0.46154
7 1.00000 1.00000
25 1.00000 0.52000
22 1.00000 0.90909
30 0.93333 0.93333
6 1.00000 1.00000
13 1.00000 0.38462
12 1.00000 1.00000
10 0.90909 1.00000
8 0.88889 1.00000
8 1.00000 0.87500
7 0.63636 1.00000
4 1.00000 1.00000
13 1.00000 0.38462
12 1.00000 1.00000
10 0.90909 1.00000
8 0.88889 1.00000
8 1.00000 0.87500
7 0.63636 1.00000
4 1.00000 1.00000
4 1.00000 1.00000
7 1.00000 1.00000
3 1.00000 1.00000
8 0.88889 1.00000
6 1.00000 1.00000
9 1.00000 0.88889
3 1.00000 1.00000
3 1.00000 1.00000
42 1.00000 0.11905
13 0.81250 1.00000
12 1.00000 1.00000
7 0.63636 1.00000
9 1.00000 1.00000
3 1.00000 1.00000
8 1.00000 1.00000
3 1.00000 1.00000
7 1.00000 1.00000
3 1.00000 1.00000
42 1.00000 0.11905
13 1.00000 0.53846
12 1.00000 1.00000
9 0.81818 1.00000
8 1.00000 0.87500
4 1.00000 1.00000
15 0.92857 0.86667
3 1.00000 1.00000
10 1.00000 1.00000
10 1.00000 0.90000
7 1.00000 1.00000
19 1.00000 0.57895
6 1.00000 1.00000
5 1.00000 1.00000
3 1.00000 1.00000
8 1.00000 1.00000
4 1.00000 0.75000
10 1.00000 1.00000
11 1.00000 0.36364
8 1.00000 1.00000
8 1.00000 1.00000
22 1.00000 0.45455
16 0.84211 1.00000
8 1.00000 0.87500
18 1.00000 0.77778
52 1.00000 0.46154
45 1.00000 0.26667
34 1.00000 0.23529
8 1.00000 1.00000
7 1.00000 1.00000
7 1.00000 1.00000
6 1.00000 1.00000
66 1.00000 0.13636
35 1.00000 0.40000
6 1.00000 1.00000
34 1.00000 0.23529
18 1.00000 0.94444
4 1.00000 1.00000
8 1.00000 1.00000
7 1.00000 0.85714
8 1.00000 1.00000
7 1.00000 0.85714
3 1.00000 1.00000
4 1.00000 1.00000
16 0.88889 0.50000
10 1.00000 0.80000
9 1.00000 1.00000
7 1.00000 1.00000
6 0.85714 1.00000
5 1.00000 0.80000
4 1.00000 1.00000
4 1.00000 0.75000
7 1.00000 1.00000
52 1.00000 0.28846
41 0.88889 0.19512
26 0.90000 0.34615
14 1.00000 0.71429
12 0.91667 0.91667
11 1.00000 0.63636
7 1.00000 1.00000
5 1.00000 1.00000
9 1.00000 1.00000
6 1.00000 1.00000
5 1.00000 1.00000
4 1.00000 1.00000
6 1.00000 1.00000
6 1.00000 1.00000
6 1.00000 0.83333
138 1.00000 0.21014
72 1.00000 0.20833
47 0.87500 0.29787
20 1.00000 1.00000
14 0.86667 0.92857
10 1.00000 0.90000
3 1.00000 1.00000
3 1.00000 1.00000
6 1.00000 1.00000
24 1.00000 0.33333
14 1.00000 0.78571
9 0.81818 1.00000
5 1.00000 1.00000
13 0.81250 1.00000
10 0.76923 1.00000
7 0.87500 1.00000
5 1.00000 1.00000
3 1.00000 1.00000
3 1.00000 1.00000
29 0.95000 0.65517
27 1.00000 0.85185
12 0.85714 1.00000
8 0.88889 1.00000
6 1.00000 1.00000
9 1.00000 1.00000
6 1.00000 1.00000
5 1.00000 0.80000
7 1.00000 1.00000
6 1.00000 1.00000
5 1.00000 0.80000
33 1.00000 0.81818
3 1.00000 1.00000
7 1.00000 1.00000
7 1.00000 1.00000
6 1.00000 1.00000
6 1.00000 1.00000
62 1.00000 0.33871
24 1.00000 0.33333
19 0.71429 0.52632
8 1.00000 1.00000
8 1.00000 1.00000
5 1.00000 1.00000
33 1.00000 0.48485
7 0.87500 1.00000
3 1.00000 1.00000
8 1.00000 1.00000
8 1.00000 1.00000
6 1.00000 0.83333
24 0.92308 0.50000
37 1.00000 0.43243
12 1.00000 0.91667
9 1.00000 0.88889
6 1.00000 0.83333
6 1.00000 1.00000
5 1.00000 0.80000
71 1.00000 0.28169
21 1.00000 1.00000
11 1.00000 0.90909
9 1.00000 1.00000
7 1.00000 1.00000
6 1.00000 1.00000
3 1.00000 1.00000
7 1.00000 1.00000
4 1.00000 1.00000
7 1.00000 1.00000
4 1.00000 1.00000
3 1.00000 1.00000
28 1.00000 0.42857
17 1.00000 0.76471
9 0.75000 1.00000
19 1.00000 0.89474
14 1.00000 0.71429
6 1.00000 1.00000
5 1.00000 0.80000
18 1.00000 0.61111
6 1.00000 1.00000
3 1.00000 1.00000
27 0.94118 0.59259
17 0.94118 0.94118
14 1.00000 0.92857
9 1.00000 1.00000
7 0.87500 1.00000
33 1.00000 0.42424
16 1.00000 0.68750
10 1.00000 0.60000
8 1.00000 1.00000
8 1.00000 1.00000
12 0.92308 1.00000
20 1.00000 0.70000
20 1.00000 0.70000
9 1.00000 1.00000
6 1.00000 1.00000
5 1.00000 1.00000
4 1.00000 1.00000
3 1.00000 1.00000
3 1.00000 1.00000
20 1.00000 0.70000
20 1.00000 0.70000
13 0.81250 1.00000
12 1.00000 1.00000
7 1.00000 0.71429
42 1.00000 0.11905
12 1.00000 1.00000
7 0.63636 1.00000
7 1.00000 1.00000
25 1.00000 0.52000
34 1.00000 0.47059
11 1.00000 0.90909
3 1.00000 1.00000
8 1.00000 0.62500
3 1.00000 1.00000
25 1.00000 0.52000
22 1.00000 0.90909
6 1.00000 1.00000
35 1.00000 0.40000
26 1.00000 0.61538
24 1.00000 0.33333
14 1.00000 0.78571
9 0.81818 1.00000
5 1.00000 1.00000
9 0.90000 1.00000
9 0.90000 1.00000
8 1.00000 0.87500
7 1.00000 1.00000
6 1.00000 0.50000
6 1.00000 0.83333
14 1.00000 0.92857
13 1.00000 0.61538
7 1.00000 1.00000
4 1.00000 1.00000
36 1.00000 0.11111
20 1.00000 0.75000
7 1.00000 1.00000
3 1.00000 1.00000
6 1.00000 0.83333
5 1.00000 1.00000
5 1.00000 1.00000
3 1.00000 1.00000
16 1.00000 0.87500
14 1.00000 0.85714
11 1.00000 0.90909
9 1.00000 1.00000
9 0.90000 1.00000
8 1.00000 0.62500
7 1.00000 1.00000
6 1.00000 1.00000
5 1.00000 1.00000
3 1.00000 1.00000
3 1.00000 1.00000
25 1.00000 0.52000
22 1.00000 0.90909
8 1.00000 0.87500
8 1.00000 0.87500
8 1.00000 0.87500
9 1.00000 1.00000
9 1.00000 0.88889
9 0.81818 1.00000
9 1.00000 0.88889
9 0.81818 1.00000
7 1.00000 0.85714
7 1.00000 0.85714
4 1.00000 1.00000
3 1.00000 1.00000
18 1.00000 1.00000
15 1.00000 0.80000
4 1.00000 1.00000
26 0.92308 0.46154
4 1.00000 1.00000
3 1.00000 1.00000
6 1.00000 1.00000
4 1.00000 1.00000
3 1.00000 1.00000
26 1.00000 0.76923
18 1.00000 0.55556
16 1.00000 0.81250
12 1.00000 0.91667
12 1.00000 0.83333
11 1.00000 0.54545
8 1.00000 1.00000
6 0.85714 1.00000
4 1.00000 1.00000
3 1.00000 1.00000
6 1.00000 1.00000
5 1.00000 1.00000
6 1.00000 1.00000
5 1.00000 1.00000
15 1.00000 1.00000
47 1.00000 0.12766
28 1.00000 0.42857
5 1.00000 1.00000
3 1.00000 1.00000
10 1.00000 0.90000
3 1.00000 1.00000
3 1.00000 1.00000
10 1.00000 0.90000
3 1.00000 1.00000
3 1.00000 1.00000
17 1.00000 0.76471
4 1.00000 1.00000
17 1.00000 0.41176
3 1.00000 1.00000
23 1.00000 0.73913
19 0.82353 0.73684
14 1.00000 0.57143
10 1.00000 0.60000
9 1.00000 1.00000
6 1.00000 1.00000
14 0.82353 1.00000
9 0.90000 1.00000
6 1.00000 0.33333
34 1.00000 0.23529
27 1.00000 0.62963
17 1.00000 0.58824
31 0.95000 0.61290
14 0.87500 1.00000
3 1.00000 1.00000
11 1.00000 0.81818
11 1.00000 0.81818
15 1.00000 0.46667
12 0.92308 1.00000
10 1.00000 0.90000
3 1.00000 1.00000
34 1.00000 0.26471
5 1.00000 1.00000
6 1.00000 1.00000
3 1.00000 1.00000
3 1.00000 1.00000
4 1.00000 1.00000
13 1.00000 0.53846
3 1.00000 1.00000
3 1.00000 1.00000
3 1.00000 1.00000
3 1.00000 1.00000
4 1.00000 1.00000
4 1.00000 1.00000
13 1.00000 0.53846
11 1.00000 0.90909
9 1.00000 1.00000
4 1.00000 1.00000
3 1.00000 1.00000
3 1.00000 1.00000
13 1.00000 0.53846
6 1.00000 1.00000
6 1.00000 0.83333
5 1.00000 1.00000
4 1.00000 1.00000
4 1.00000 1.00000
3 1.00000 1.00000
3 1.00000 1.00000
52 1.00000 0.46154
34 1.00000 0.23529
25 1.00000 0.52000
8 1.00000 1.00000
7 1.00000 1.00000
3 1.00000 1.00000
3 1.00000 1.00000
11 1.00000 1.00000
14 0.73684 1.00000
10 1.00000 1.00000
7 1.00000 1.00000
15 1.00000 0.93333
4 1.00000 1.00000
3 1.00000 1.00000
58 1.00000 0.25862
12 1.00000 0.91667
6 1.00000 1.00000
8 1.00000 0.87500
8 1.00000 1.00000
47 1.00000 0.19149
7 1.00000 1.00000
3 1.00000 1.00000
8 1.00000 1.00000
3 1.00000 1.00000
7 0.63636 1.00000
5 1.00000 0.80000
4 1.00000 1.00000
52 1.00000 0.46154
43 1.00000 0.27907
37 1.00000 0.21622
7 1.00000 1.00000
7 1.00000 1.00000
6 1.00000 1.00000
3 1.00000 1.00000
31 0.95000 0.61290
21 0.64000 0.76190
14 0.87500 1.00000
3 1.00000 1.00000
11 1.00000 0.36364
32 1.00000 0.28125
8 1.00000 0.87500
32 1.00000 0.28125
8 1.00000 0.87500
4 1.00000 1.00000
6 0.85714 1.00000
6 0.85714 1.00000
11 1.00000 1.00000
6 1.00000 1.00000
94 1.00000 0.25532
66 1.00000 0.30303
32 1.00000 0.62500
24 1.00000 0.50000
17 0.69565 0.94118
11 0.91667 1.00000
9 1.00000 1.00000
8 1.00000 1.00000
13 1.00000 0.53846
3 1.00000 1.00000
7 1.00000 1.00000
3 1.00000 1.00000
7 1.00000 1.00000
3 1.00000 1.00000
6 1.00000 1.00000
3 1.00000 1.00000
3 1.00000 1.00000
26 1.00000 0.50000
10 1.00000 1.00000
8 0.66667 1.00000
11 1.00000 0.90909
6 0.85714 1.00000
7 0.87500 1.00000
3 1.00000 1.00000
8 1.00000 1.00000
4 1.00000 0.75000
4 1.00000 0.75000
14 0.93333 1.00000
8 0.88889 1.00000
15 1.00000 0.93333
6 1.00000 1.00000
29 0.95000 0.65517
27 1.00000 0.85185
12 0.85714 1.00000
8 0.88889 1.00000
6 1.00000 1.00000
10 1.00000 1.00000
8 1.00000 1.00000
7 0.87500 1.00000
8 1.00000 1.00000
7 0.87500 1.00000
25 1.00000 0.52000
22 1.00000 0.90909
8 1.00000 0.62500
14 0.66667 1.00000
10 1.00000 1.00000
13 1.00000 0.53846
12 1.00000 1.00000
11 1.00000 1.00000
8 1.00000 1.00000
6 1.00000 1.00000
3 1.00000 1.00000
31 1.00000 0.64516
19 0.92308 0.63158
16 1.00000 0.87500
11 1.00000 1.00000
11 1.00000 0.81818
8 0.88889 1.00000
12 1.00000 1.00000
4 1.00000 1.00000
4 1.00000 1.00000
11 1.00000 0.90909
13 1.00000 0.92308
11 1.00000 0.90909
11 1.00000 0.90909
10 1.00000 0.90000
8 1.00000 0.87500
8 1.00000 0.87500
7 1.00000 1.00000
6 0.85714 1.00000
6 1.00000 1.00000
5 1.00000 1.00000
4 1.00000 1.00000
3 1.00000 1.00000
3 1.00000 1.00000
6 1.00000 1.00000
6 1.00000 1.00000
20 1.00000 0.70000
12 1.00000 0.75000
7 1.00000 1.00000
6 1.00000 1.00000
3 1.00000 1.00000
43 1.00000 0.27907
10 0.90909 1.00000
51 1.00000 0.07843
13 0.81250 1.00000
11 1.00000 1.00000
4 1.00000 1.00000
14 1.00000 0.92857
11 0.90909 0.90909
8 0.88889 1.00000
7 1.00000 1.00000
3 1.00000 1.00000
17 1.00000 0.47059
16 0.93333 0.87500
14 1.00000 0.92857
10 1.00000 1.00000
9 1.00000 1.00000
7 0.87500 1.00000
20 1.00000 0.85000
19 1.00000 0.89474
11 1.00000 0.81818
7 1.00000 1.00000
20 1.00000 0.85000
19 1.00000 0.89474
11 1.00000 0.81818
3 1.00000 1.00000
3 1.00000 1.00000
3 1.00000 1.00000
3 1.00000 1.00000
3 1.00000 1.00000
3 1.00000 1.00000
3 1.00000 1.00000
3 1.00000 1.00000
3 1.00000 1.00000
17 1.00000 0.88235
16 1.00000 0.81250
7 1.00000 1.00000
7 1.00000 1.00000
7 1.00000 1.00000
6 1.00000 1.00000
6 1.00000 0.83333
3 1.00000 1.00000
6 1.00000 1.00000
3 1.00000 1.00000
5 1.00000 1.00000
6 1.00000 1.00000
4 1.00000 1.00000
4 1.00000 1.00000
5 1.00000 1.00000
6 0.85714 1.00000
5 1.00000 1.00000
3 1.00000 1.00000
5 1.00000 1.00000
3 1.00000 1.00000
9 1.00000 1.00000
3 1.00000 1.00000
20 1.00000 0.80000
10 1.00000 0.90000
8 1.00000 0.87500
4 1.00000 1.00000
4 1.00000 1.00000
20 1.00000 0.80000
10 1.00000 0.90000
8 1.00000 0.87500
4 1.00000 1.00000
6 1.00000 0.33333
7 1.00000 1.00000
6 1.00000 1.00000
36 1.00000 0.44444
11 1.00000 0.36364
26 1.00000 0.76923
12 1.00000 0.91667
11 1.00000 1.00000
10 1.00000 1.00000
8 1.00000 1.00000
7 1.00000 1.00000
7 1.00000 1.00000
41 1.00000 0.14634
7 0.87500 1.00000
6 1.00000 1.00000
3 1.00000 1.00000
3 1.00000 1.00000
6 1.00000 1.00000
4 1.00000 1.00000
3 1.00000 1.00000
60 0.95238 0.33333
21 0.95238 0.95238
3 1.00000 1.00000
27 0.96429 1.00000
23 1.00000 0.78261
7 1.00000 1.00000
6 1.00000 0.83333
9 0.90000 1.00000
4 1.00000 1.00000
3 1.00000 1.00000
3 1.00000 1.00000
3 1.00000 1.00000
3 1.00000 1.00000
10 0.90909 1.00000
10 0.90909 1.00000
10 0.90909 1.00000
10 0.90909 1.00000
10 0.90909 1.00000
10 0.90909 1.00000
23 0.88889 0.34783
18 1.00000 0.94444
14 1.00000 0.92857
8 1.00000 0.87500
8 1.00000 1.00000
20 1.00000 0.85000
19 1.00000 0.89474
11 1.00000 0.81818
3 1.00000 1.00000
3 1.00000 1.00000
8 1.00000 1.00000
8 1.00000 1.00000
3 1.00000 1.00000
6 1.00000 1.00000
3 1.00000 1.00000
5 1.00000 1.00000
4 1.00000 1.00000
20 1.00000 0.85000
19 1.00000 0.89474
11 1.00000 0.81818
14 0.85714 0.85714
6 1.00000 1.00000
28 1.00000 0.28571
36 1.00000 0.33333
14 1.00000 0.92857
11 1.00000 0.81818
8 1.00000 1.00000
6 1.00000 1.00000
6 1.00000 0.33333
3 1.00000 1.00000
3 1.00000 1.00000
7 1.00000 1.00000
9 1.00000 1.00000
7 1.00000 1.00000
6 1.00000 1.00000
3 1.00000 1.00000
3 1.00000 1.00000
3 1.00000 1.00000
3 1.00000 1.00000
14 1.00000 0.57143
7 1.00000 1.00000
5 1.00000 1.00000
3 1.00000 1.00000
5 1.00000 1.00000
6 0.85714 1.00000
9 1.00000 1.00000
4 1.00000 0.75000
4 1.00000 1.00000
8 1.00000 1.00000
5 1.00000 1.00000
12 0.84615 0.91667
12 1.00000 1.00000
10 1.00000 0.80000
9 0.90000 1.00000
14 0.85714 0.85714
10 0.90909 1.00000
10 0.90909 1.00000
20 1.00000 0.45000
10 1.00000 0.90000
20 1.00000 0.45000
10 1.00000 0.90000
10 0.90909 1.00000
6 1.00000 1.00000
7 0.87500 1.00000
3 1.00000 1.00000
8 1.00000 0.87500
3 1.00000 1.00000
3 1.00000 1.00000
7 0.87500 1.00000
8 1.00000 1.00000
8 1.00000 1.00000
18 1.00000 0.77778
12 1.00000 1.00000
11 1.00000 0.72727
5 1.00000 0.80000
3 1.00000 1.00000
13 1.00000 0.53846
13 0.81250 1.00000
12 1.00000 1.00000
12 0.80000 0.33333
8 1.00000 0.87500
4 1.00000 1.00000
14 0.66667 1.00000
14 1.00000 0.92857
11 1.00000 0.90909
11 1.00000 0.45455
3 1.00000 1.00000
3 1.00000 1.00000
5 1.00000 1.00000
3 1.00000 1.00000
27 1.00000 0.37037
26 1.00000 0.46154
8 1.00000 1.00000
7 1.00000 1.00000
7 1.00000 1.00000
6 1.00000 1.00000
6 1.00000 1.00000
5 0.71429 1.00000
4 1.00000 1.00000
4 1.00000 1.00000
3 1.00000 1.00000
3 1.00000 1.00000
3 1.00000 1.00000
5 1.00000 1.00000
3 1.00000 1.00000
14 0.90000 0.64286
3 1.00000 1.00000
15 1.00000 0.80000
7 1.00000 0.42857
25 1.00000 0.52000
3 1.00000 1.00000
8 1.00000 0.87500
5 1.00000 1.00000
4 1.00000 0.75000
3 1.00000 1.00000
3 1.00000 1.00000
3 1.00000 1.00000
3 1.00000 1.00000
18 1.00000 0.77778
12 1.00000 1.00000
11 1.00000 0.72727
5 1.00000 0.80000
3 1.00000 1.00000
6 1.00000 1.00000
3 1.00000 1.00000
3 1.00000 1.00000
3 1.00000 1.00000
3 1.00000 1.00000
17 1.00000 0.88235
13 0.92308 0.92308
14 1.00000 0.57143
7 1.00000 1.00000
5 1.00000 1.00000
9 1.00000 1.00000
3 1.00000 1.00000
3 1.00000 1.00000
34 1.00000 0.61765
46 1.00000 0.19565
32 1.00000 0.25000
18 1.00000 0.94444
5 1.00000 1.00000
3 1.00000 1.00000
3 1.00000 1.00000
6 1.00000 1.00000
6 1.00000 1.00000
6 1.00000 1.00000
6 1.00000 1.00000
5 1.00000 1.00000
8 1.00000 1.00000
3 1.00000 1.00000
9 1.00000 0.88889
3 1.00000 1.00000
3 1.00000 1.00000
9 0.90000 1.00000
6 1.00000 0.66667
3 1.00000 1.00000
4 1.00000 1.00000
4 1.00000 1.00000
32 1.00000 0.28125
5 1.00000 0.80000
8 1.00000 1.00000
7 1.00000 1.00000
6 1.00000 0.83333
5 1.00000 1.00000
96 1.00000 0.05208
13 0.81250 1.00000
7 1.00000 1.00000
4 1.00000 1.00000
4 1.00000 1.00000
3 1.00000 1.00000
7 1.00000 1.00000
11 1.00000 0.81818
8 1.00000 1.00000
7 1.00000 0.85714
69 1.00000 0.20290
25 1.00000 0.84000
22 1.00000 0.36364
16 1.00000 0.87500
12 1.00000 1.00000
10 1.00000 0.90000
9 1.00000 1.00000
7 1.00000 1.00000
6 1.00000 0.83333
4 1.00000 1.00000
3 1.00000 1.00000
3 1.00000 1.00000
3 1.00000 1.00000
6 1.00000 1.00000
17 1.00000 0.41176
5 1.00000 1.00000
3 1.00000 1.00000
28 0.93333 0.50000
21 1.00000 0.90476
9 1.00000 0.66667
3 1.00000 1.00000
52 1.00000 0.46154
45 1.00000 0.26667
37 1.00000 0.21622
25 1.00000 0.52000
7 1.00000 1.00000
7 1.00000 1.00000
6 1.00000 1.00000
3 1.00000 1.00000
25 1.00000 0.84000
13 1.00000 0.53846
8 1.00000 0.62500
3 1.00000 1.00000
3 1.00000 1.00000
3 1.00000 1.00000
3 1.00000 1.00000
3 1.00000 1.00000
11 1.00000 0.90909
8 1.00000 1.00000
7 1.00000 1.00000
6 1.00000 0.83333
11 0.90909 0.90909
4 1.00000 1.00000
6 1.00000 1.00000
62 0.90909 0.32258
55 0.83333 0.18182
4 1.00000 1.00000
6 1.00000 1.00000
3 1.00000 1.00000
3 1.00000 1.00000
47 0.96667 0.61702
27 1.00000 0.25926
15 1.00000 1.00000
14 0.84615 0.78571
11 1.00000 1.00000
11 1.00000 0.81818
4 1.00000 1.00000
22 1.00000 0.63636
13 1.00000 0.53846
13 0.81250 1.00000
12 1.00000 1.00000
4 1.00000 1.00000
3 1.00000 1.00000
7 1.00000 1.00000
5 1.00000 1.00000
3 1.00000 1.00000
4 1.00000 1.00000
3 1.00000 1.00000
7 1.00000 0.85714
3 1.00000 1.00000
6 1.00000 1.00000
3 1.00000 1.00000
3 1.00000 1.00000
3 1.00000 1.00000
5 1.00000 1.00000
51 0.83333 0.68627
12 0.78571 0.91667
4 1.00000 1.00000
15 0.92857 0.86667
7 1.00000 1.00000
3 1.00000 1.00000
7 1.00000 0.85714
11 0.90909 0.90909
4 1.00000 1.00000
3 1.00000 1.00000
49 1.00000 0.24490
27 1.00000 0.59259
25 1.00000 0.32000
16 1.00000 0.50000
14 1.00000 0.78571
10 0.90909 1.00000
7 1.00000 1.00000
3 1.00000 1.00000
154 0.96970 0.41558
118 1.00000 0.27966
81 0.91667 0.27160
35 1.00000 0.48571
30 1.00000 0.56667
25 0.95238 0.80000
21 0.95238 0.95238
21 1.00000 0.85714
18 1.00000 0.88889
10 1.00000 1.00000
10 1.00000 0.90000
16 1.00000 0.87500
14 1.00000 0.85714
11 1.00000 0.90909
9 1.00000 1.00000
9 0.90000 1.00000
8 1.00000 0.62500
7 1.00000 1.00000
6 1.00000 1.00000
5 1.00000 1.00000
4 1.00000 1.00000
7 1.00000 1.00000
20 1.00000 0.35000
16 1.00000 1.00000
14 1.00000 0.50000
12 1.00000 1.00000
12 1.00000 1.00000
11 1.00000 0.81818
7 0.63636 1.00000
4 1.00000 1.00000
8 1.00000 1.00000
5 1.00000 1.00000
39 0.82353 0.35897
36 1.00000 0.47222
36 1.00000 0.63889
19 0.92308 0.63158
6 1.00000 1.00000
9 1.00000 0.88889
7 1.00000 1.00000
3 1.00000 1.00000
3 1.00000 1.00000
9 1.00000 0.44444
3 1.00000 1.00000
11 1.00000 0.90909
7 1.00000 1.00000
4 1.00000 1.00000
68 1.00000 0.30882
25 1.00000 0.32000
19 1.00000 0.57895
17 1.00000 0.70588
7 1.00000 1.00000
4 1.00000 1.00000
25 1.00000 0.36000
7 1.00000 0.57143
6 1.00000 0.50000
6 1.00000 1.00000
5 1.00000 1.00000
5 1.00000 1.00000
5 1.00000 0.80000
3 1.00000 1.00000
52 1.00000 0.46154
11 1.00000 0.90909
7 1.00000 1.00000
13 1.00000 0.92308
12 1.00000 0.66667
11 1.00000 0.90909
10 1.00000 0.90000
9 1.00000 1.00000
9 1.00000 1.00000
8 1.00000 1.00000
8 1.00000 0.87500
8 1.00000 0.87500
7 1.00000 1.00000
6 1.00000 1.00000
6 1.00000 1.00000
6 1.00000 0.83333
6 1.00000 1.00000
5 1.00000 1.00000
5 1.00000 1.00000
5 1.00000 0.80000
4 1.00000 1.00000
3 1.00000 1.00000
9 1.00000 1.00000
7 1.00000 0.85714
3 1.00000 1.00000
8 1.00000 1.00000
10 0.90000 0.90000
3 1.00000 1.00000
7 1.00000 1.00000
3 1.00000 1.00000
3 1.00000 1.00000
11 1.00000 1.00000
83 1.00000 0.26506
55 0.83333 0.18182
16 1.00000 0.62500
3 1.00000 1.00000
3 1.00000 1.00000
6 1.00000 0.33333
7 1.00000 1.00000
10 1.00000 1.00000
5 1.00000 1.00000
4 1.00000 1.00000
4 1.00000 1.00000
10 1.00000 1.00000
5 1.00000 1.00000
4 1.00000 1.00000
4 1.00000 1.00000
3 1.00000 1.00000
41 0.84211 0.39024
25 0.80952 0.68000
23 0.86364 0.82609
11 1.00000 0.54545
15 1.00000 0.46667
21 1.00000 0.57143
3 1.00000 1.00000
108 1.00000 0.08333
32 0.94118 0.50000
17 1.00000 1.00000
9 1.00000 1.00000
8 0.88889 1.00000
7 1.00000 0.42857
8 1.00000 0.87500
5 1.00000 1.00000
3 1.00000 1.00000
3 1.00000 1.00000
3 1.00000 1.00000
3 1.00000 1.00000
3 1.00000 1.00000
34 1.00000 0.38235
4 1.00000 1.00000
3 1.00000 1.00000
6 1.00000 0.33333
3 1.00000 1.00000
3 1.00000 1.00000
13 1.00000 0.92308
11 1.00000 1.00000
11 1.00000 0.90909
10 1.00000 0.90000
9 1.00000 1.00000
9 1.00000 1.00000
8 1.00000 1.00000
8 1.00000 0.87500
8 1.00000 0.87500
7 1.00000 1.00000
6 1.00000 1.00000
6 1.00000 1.00000
6 1.00000 1.00000
6 1.00000 0.83333
6 1.00000 1.00000
5 1.00000 1.00000
5 1.00000 0.80000
4 1.00000 1.00000
3 1.00000 1.00000
3 1.00000 1.00000
33 1.00000 0.33333
20 1.00000 0.60000
20 1.00000 0.35000
16 1.00000 1.00000
13 1.00000 0.53846
13 1.00000 0.38462
11 1.00000 1.00000
11 1.00000 0.81818
11 1.00000 0.81818
10 0.90909 1.00000
5 1.00000 1.00000
5 1.00000 1.00000
4 1.00000 1.00000
36 1.00000 0.33333
35 1.00000 0.25714
33 1.00000 0.69697
32 1.00000 0.28125
30 1.00000 0.66667
19 0.92308 0.63158
14 1.00000 0.92857
13 1.00000 0.61538
11 1.00000 0.81818
11 1.00000 0.81818
8 0.88889 1.00000
6 1.00000 1.00000
21 0.95238 0.95238
3 1.00000 1.00000
6 1.00000 0.83333
6 1.00000 0.33333
5 1.00000 1.00000
3 1.00000 1.00000
18 1.00000 0.77778
11 1.00000 0.90909
18 1.00000 0.72222
4 1.00000 1.00000
11 1.00000 0.90909
10 1.00000 1.00000
6 1.00000 1.00000
5 0.71429 1.00000
5 1.00000 1.00000
5 1.00000 1.00000
4 1.00000 1.00000
4 1.00000 1.00000
3 1.00000 1.00000
4 1.00000 0.75000
4 1.00000 1.00000
52 1.00000 0.46154
7 1.00000 1.00000
68 1.00000 0.30882
25 1.00000 0.56000
25 1.00000 0.32000
19 1.00000 0.57895
17 1.00000 0.70588
10 1.00000 1.00000
8 1.00000 1.00000
7 1.00000 1.00000
4 1.00000 1.00000
10 1.00000 0.50000
9 1.00000 1.00000
6 1.00000 0.83333
5 1.00000 0.80000
4 1.00000 1.00000
3 1.00000 1.00000
3 1.00000 1.00000
4 1.00000 0.75000
3 1.00000 1.00000
31 1.00000 0.61290
11 1.00000 1.00000
6 1.00000 0.83333
3 1.00000 1.00000
4 1.00000 1.00000
43 1.00000 0.27907
7 1.00000 1.00000
9 1.00000 0.77778
8 1.00000 1.00000
7 1.00000 0.85714
4 1.00000 1.00000
4 1.00000 1.00000
3 1.00000 1.00000
3 1.00000 1.00000
6 1.00000 1.00000
6 1.00000 1.00000
6 1.00000 1.00000
6 1.00000 1.00000
6 1.00000 1.00000
6 1.00000 1.00000
7 1.00000 1.00000
5 0.71429 1.00000
5 1.00000 1.00000
4 1.00000 1.00000
3 1.00000 1.00000
3 1.00000 1.00000
9 1.00000 1.00000
25 1.00000 0.52000
3 1.00000 1.00000
27 0.90000 0.66667
3 1.00000 1.00000
21 0.88889 0.76190
12 1.00000 0.91667
6 0.85714 1.00000
9 1.00000 1.00000
43 1.00000 0.27907
13 1.00000 0.61538
12 1.00000 0.41667
10 1.00000 1.00000
3 1.00000 1.00000
6 1.00000 1.00000
27 0.90000 0.66667
3 1.00000 1.00000
113 1.00000 0.24779
94 1.00000 0.25532
32 1.00000 0.62500
24 1.00000 0.50000
17 0.69565 0.94118
12 0.92308 1.00000
9 1.00000 1.00000
8 1.00000 1.00000
8 1.00000 1.00000
3 1.00000 1.00000
3 1.00000 1.00000
4 1.00000 1.00000
19 1.00000 1.00000
10 1.00000 1.00000
7 0.87500 1.00000
3 1.00000 1.00000
6 1.00000 1.00000
6 1.00000 1.00000
6 1.00000 1.00000
7 1.00000 0.85714
7 1.00000 0.85714
3 1.00000 1.00000
28 0.93333 0.50000
9 0.90000 1.00000
7 1.00000 1.00000
6 1.00000 1.00000
6 0.85714 1.00000
5 1.00000 1.00000
3 1.00000 1.00000
3 1.00000 1.00000
4 1.00000 1.00000
26 1.00000 0.65385
7 1.00000 0.57143
6 1.00000 0.50000
5 1.00000 1.00000
5 1.00000 1.00000
5 1.00000 0.80000
4 1.00000 1.00000
3 1.00000 1.00000
21 0.88889 0.76190
12 1.00000 0.91667
6 0.85714 1.00000
3 1.00000 1.00000
3 1.00000 1.00000
3 1.00000 1.00000
3 1.00000 1.00000
3 1.00000 1.00000
3 1.00000 1.00000
6 1.00000 0.83333
3 1.00000 1.00000
3 1.00000 1.00000
69 1.00000 0.20290
25 1.00000 0.84000
17 1.00000 0.82353
12 1.00000 1.00000
9 1.00000 1.00000
7 1.00000 1.00000
6 1.00000 0.83333
4 1.00000 1.00000
3 1.00000 1.00000
3 1.00000 1.00000
3 1.00000 1.00000
34 1.00000 0.61765
6 1.00000 1.00000
3 1.00000 1.00000
3 1.00000 1.00000
3 1.00000 1.00000
6 0.85714 1.00000
5 1.00000 0.80000
8 1.00000 0.87500
8 1.00000 1.00000
6 0.85714 1.00000
3 1.00000 1.00000
3 1.00000 1.00000
6 1.00000 0.50000
3 1.00000 1.00000
3 1.00000 1.00000
3 1.00000 1.00000
4 1.00000 1.00000
4 1.00000 1.00000
3 1.00000 1.00000
3 1.00000 1.00000
3 1.00000 1.00000
5 1.00000 1.00000
4 1.00000 1.00000
10 0.90909 1.00000
8 1.00000 0.87500
8 1.00000 1.00000
6 0.85714 1.00000
3 1.00000 1.00000
3 1.00000 1.00000
6 1.00000 1.00000
143 0.96429 0.18881
97 1.00000 0.20619
32 1.00000 0.50000
15 1.00000 1.00000
13 1.00000 0.53846
12 1.00000 0.91667
10 1.00000 1.00000
9 1.00000 1.00000
9 1.00000 0.77778
9 1.00000 1.00000
8 1.00000 1.00000
7 1.00000 0.85714
7 1.00000 1.00000
6 0.85714 1.00000
6 0.85714 1.00000
17 1.00000 0.41176
3 1.00000 1.00000
6 1.00000 1.00000
3 1.00000 1.00000
6 1.00000 1.00000
3 1.00000 1.00000
8 1.00000 0.50000
4 1.00000 1.00000
32 1.00000 0.43750
28 1.00000 0.57143
8 1.00000 1.00000
3 1.00000 1.00000
3 1.00000 1.00000
7 1.00000 1.00000
3 1.00000 1.00000
7 1.00000 1.00000
3 1.00000 1.00000
85 1.00000 0.25882
60 0.93333 0.23333
55 0.83333 0.18182
9 1.00000 1.00000
4 1.00000 1.00000
14 1.00000 0.85714
13 1.00000 0.92308
10 1.00000 1.00000
10 1.00000 0.90000
10 1.00000 0.70000
8 1.00000 0.75000
7 1.00000 1.00000
7 1.00000 1.00000
6 1.00000 1.00000
6 1.00000 1.00000
4 1.00000 1.00000
3 1.00000 1.00000
3 1.00000 1.00000
3 1.00000 1.00000
3 1.00000 1.00000
3 1.00000 1.00000
23 1.00000 0.56522
13 1.00000 0.53846
12 1.00000 0.83333
11 1.00000 0.81818
6 1.00000 1.00000
5 1.00000 0.80000
3 1.00000 1.00000
69 1.00000 0.20290
25 1.00000 0.84000
17 1.00000 0.82353
12 1.00000 1.00000
10 1.00000 0.90000
9 1.00000 1.00000
9 1.00000 0.88889
7 1.00000 1.00000
6 1.00000 0.83333
3 1.00000 1.00000
3 1.00000 1.00000
3 1.00000 1.00000
3 1.00000 1.00000
3 1.00000 1.00000
3 1.00000 1.00000
3 1.00000 1.00000
4 1.00000 1.00000
76 1.00000 0.25000
27 0.90000 0.33333
9 1.00000 0.77778
4 1.00000 0.75000
6 1.00000 0.83333
107 1.00000 0.09346
13 0.81250 1.00000
8 1.00000 1.00000
7 1.00000 1.00000
107 1.00000 0.09346
13 0.81250 1.00000
8 1.00000 1.00000
7 1.00000 1.00000
19 1.00000 1.00000
10 1.00000 1.00000
7 0.77778 1.00000
7 0.87500 1.00000
3 1.00000 1.00000
37 1.00000 0.45946
36 1.00000 0.63889
20 1.00000 0.45000
11 1.00000 0.81818
10 1.00000 0.90000
6 1.00000 1.00000
6 1.00000 1.00000
3 1.00000 1.00000
3 1.00000 1.00000
6 1.00000 1.00000
4 1.00000 1.00000
4 1.00000 1.00000
6 1.00000 1.00000
5 1.00000 1.00000
6 1.00000 1.00000
5 1.00000 1.00000
6 1.00000 1.00000
6 1.00000 1.00000
6 1.00000 1.00000
16 1.00000 0.50000
13 1.00000 0.46154
12 1.00000 0.41667
11 1.00000 1.00000
10 1.00000 1.00000
6 1.00000 1.00000
4 1.00000 0.75000
3 1.00000 1.00000
3 1.00000 1.00000
13 0.92857 1.00000
13 1.00000 0.92308
10 1.00000 0.90000
8 1.00000 0.87500
7 1.00000 0.57143
7 1.00000 0.85714
6 1.00000 0.50000
6 1.00000 1.00000
6 1.00000 1.00000
5 1.00000 0.80000
4 1.00000 1.00000
4 1.00000 1.00000
4 1.00000 1.00000
3 1.00000 1.00000
3 1.00000 1.00000
17 1.00000 0.64706
16 1.00000 0.87500
10 1.00000 1.00000
9 1.00000 1.00000
9 0.90000 1.00000
8 1.00000 0.62500
6 1.00000 1.00000
5 1.00000 1.00000
5 1.00000 1.00000
3 1.00000 1.00000
3 1.00000 1.00000
3 1.00000 1.00000
3 1.00000 1.00000
10 1.00000 0.50000
10 1.00000 1.00000
5 1.00000 0.80000
14 0.85714 0.85714
15 1.00000 0.93333
5 1.00000 1.00000
4 1.00000 1.00000
9 1.00000 1.00000
11 1.00000 1.00000
8 1.00000 0.87500
6 1.00000 1.00000
5 1.00000 1.00000
3 1.00000 1.00000
3 1.00000 1.00000
3 1.00000 1.00000
3 1.00000 1.00000
3 1.00000 1.00000
6 1.00000 1.00000
9 1.00000 0.77778
5 1.00000 1.00000
3 1.00000 1.00000
3 1.00000 1.00000
5 1.00000 1.00000
3 1.00000 1.00000
3 1.00000 1.00000
3 1.00000 1.00000
14 0.93333 1.00000
6 1.00000 1.00000
49 0.88889 0.32653
43 0.85714 0.13953
41 1.00000 0.07317
11 0.68750 1.00000
9 1.00000 1.00000
8 0.80000 1.00000
66 0.89286 0.37879
45 1.00000 0.17778
41 0.90000 0.65854
21 1.00000 0.52381
21 1.00000 0.57143
10 1.00000 0.60000
7 1.00000 1.00000
4 1.00000 1.00000
4 1.00000 1.00000
3 1.00000 1.00000
62 1.00000 0.33871
24 1.00000 0.33333
11 1.00000 1.00000
8 1.00000 1.00000
6 1.00000 1.00000
5 1.00000 1.00000
4 1.00000 1.00000
3 1.00000 1.00000
3 1.00000 1.00000
8 1.00000 1.00000
8 1.00000 1.00000
4 1.00000 0.75000
4 1.00000 0.75000
4 1.00000 1.00000
3 1.00000 1.00000
18 1.00000 0.61111
6 1.00000 1.00000
26 1.00000 0.11538
3 1.00000 1.00000
28 1.00000 0.25000
17 1.00000 0.70588
15 1.00000 0.80000
11 0.91667 1.00000
6 1.00000 1.00000
6 1.00000 0.33333
7 1.00000 0.85714
4 1.00000 1.00000
28 1.00000 0.60714
25 1.00000 0.60000
13 1.00000 0.92308
11 1.00000 1.00000
10 0.83333 1.00000
8 1.00000 1.00000
7 1.00000 1.00000
6 1.00000 1.00000
28 1.00000 0.60714
25 1.00000 0.60000
13 1.00000 0.92308
11 1.00000 1.00000
10 0.83333 1.00000
8 1.00000 1.00000
7 1.00000 1.00000
6 1.00000 1.00000
36 1.00000 0.47222
8 1.00000 0.87500
11 1.00000 0.90909
10 1.00000 0.70000
8 1.00000 1.00000
5 1.00000 1.00000
10 0.90909 1.00000
3 1.00000 1.00000
11 1.00000 0.90909
10 1.00000 1.00000
8 1.00000 1.00000
7 1.00000 0.57143
6 1.00000 1.00000
6 1.00000 0.83333
5 0.71429 1.00000
5 1.00000 1.00000
4 1.00000 1.00000
4 1.00000 1.00000
4 1.00000 1.00000
4 1.00000 1.00000
3 1.00000 1.00000
21 0.95238 0.95238
3 1.00000 1.00000
34 1.00000 0.58824
16 1.00000 0.75000
16 1.00000 0.93750
14 1.00000 0.57143
13 1.00000 0.92308
13 1.00000 0.69231
11 1.00000 1.00000
10 1.00000 0.80000
8 1.00000 0.50000
8 0.88889 1.00000
6 1.00000 0.33333
6 1.00000 1.00000
5 1.00000 1.00000
4 1.00000 1.00000
4 1.00000 0.75000
3 1.00000 1.00000
3 1.00000 1.00000
7 1.00000 1.00000
3 1.00000 1.00000
9 0.81818 1.00000
4 1.00000 1.00000
3 1.00000 1.00000
26 0.92308 0.46154
49 1.00000 0.24490
47 1.00000 0.19149
35 1.00000 0.40000
34 1.00000 0.38235
27 1.00000 0.62963
27 1.00000 0.59259
25 1.00000 0.32000
17 1.00000 0.58824
14 1.00000 0.78571
10 0.90909 1.00000
5 1.00000 1.00000
16 1.00000 0.87500
13 1.00000 1.00000
11 1.00000 1.00000
10 0.83333 1.00000
7 1.00000 1.00000
7 1.00000 0.71429
6 1.00000 1.00000
4 1.00000 0.75000
3 1.00000 1.00000
3 1.00000 1.00000
29 0.95000 0.65517
27 1.00000 0.85185
20 1.00000 0.80000
12 0.85714 1.00000
11 1.00000 0.81818
10 1.00000 0.90000
8 0.88889 1.00000
8 1.00000 0.87500
6 1.00000 1.00000
4 1.00000 1.00000
39 0.86667 0.33333
34 1.00000 0.32353
20 1.00000 0.60000
20 1.00000 0.35000
16 1.00000 1.00000
14 1.00000 0.50000
13 1.00000 0.38462
11 1.00000 1.00000
11 1.00000 0.81818
11 1.00000 0.81818
5 1.00000 1.00000
5 1.00000 1.00000
4 1.00000 1.00000
9 1.00000 1.00000
5 1.00000 1.00000
4 1.00000 1.00000
4 1.00000 1.00000
4 1.00000 0.75000
4 1.00000 1.00000
3 1.00000 1.00000
3 1.00000 1.00000
11 1.00000 0.81818
5 1.00000 0.80000
8 1.00000 1.00000
4 1.00000 1.00000
7 1.00000 1.00000
14 1.00000 0.92857
6 1.00000 0.83333
11 1.00000 1.00000
8 0.88889 1.00000
3 1.00000 1.00000
15 1.00000 0.53333
4 1.00000 1.00000
8 1.00000 1.00000
4 1.00000 1.00000
8 1.00000 1.00000
6 1.00000 1.00000
6 1.00000 0.83333
10 0.90909 1.00000
8 1.00000 1.00000
7 1.00000 1.00000
6 1.00000 1.00000
6 1.00000 0.83333
3 1.00000 1.00000
25 1.00000 0.68000
7 1.00000 1.00000
7 1.00000 0.71429
3 1.00000 1.00000
3 1.00000 1.00000
7 1.00000 1.00000
10 0.90909 1.00000
3 1.00000 1.00000
11 1.00000 0.90909
34 1.00000 0.41176
31 1.00000 0.51613
14 1.00000 0.64286
8 1.00000 1.00000
3 1.00000 1.00000
3 1.00000 1.00000
46 0.79592 0.84783
21 1.00000 0.57143
11 0.91667 1.00000
10 1.00000 1.00000
6 1.00000 1.00000
16 1.00000 1.00000
4 1.00000 1.00000
8 1.00000 1.00000
4 1.00000 0.75000
4 1.00000 0.75000
4 1.00000 1.00000
3 1.00000 1.00000
32 1.00000 0.28125
11 1.00000 1.00000
5 1.00000 0.80000
4 1.00000 1.00000
4 1.00000 0.75000
28 0.93333 0.50000
13 1.00000 0.53846
10 1.00000 0.90000
8 1.00000 1.00000
8 1.00000 0.62500
7 1.00000 0.85714
6 1.00000 1.00000
6 1.00000 0.83333
6 0.85714 1.00000
5 1.00000 1.00000
5 1.00000 1.00000
4 1.00000 1.00000
4 1.00000 1.00000
4 1.00000 1.00000
3 1.00000 1.00000
3 1.00000 1.00000
3 1.00000 1.00000
10 1.00000 0.80000
5 1.00000 1.00000
3 1.00000 1.00000
139 1.00000 0.20863
96 1.00000 0.21875
72 1.00000 0.20833
61 0.97619 0.67213
50 1.00000 0.16000
47 0.87500 0.29787
45 0.88235 0.33333
33 0.91667 0.66667
30 1.00000 0.20000
28 1.00000 0.78571
28 1.00000 0.60714
27 1.00000 0.48148
26 1.00000 0.61538
25 1.00000 0.88000
23 1.00000 0.52174
21 1.00000 0.95238
20 0.95000 0.95000
19 1.00000 0.73684
17 1.00000 0.94118
17 1.00000 0.82353
15 1.00000 0.80000
15 1.00000 0.93333
14 0.86667 0.92857
13 1.00000 0.92308
12 1.00000 1.00000
11 1.00000 1.00000
10 1.00000 1.00000
10 0.90909 1.00000
10 1.00000 1.00000
10 1.00000 0.90000
10 1.00000 0.90000
10 1.00000 0.70000
9 1.00000 1.00000
9 1.00000 1.00000
8 0.80000 1.00000
4 1.00000 1.00000
26 1.00000 0.23077
10 0.83333 1.00000
5 0.71429 1.00000
5 1.00000 1.00000
4 1.00000 1.00000
3 1.00000 1.00000
6 1.00000 1.00000
25 1.00000 0.84000
17 1.00000 0.64706
16 1.00000 0.87500
14 1.00000 0.50000
13 1.00000 0.53846
10 1.00000 1.00000
9 1.00000 1.00000
9 0.90000 1.00000
8 1.00000 0.62500
6 1.00000 1.00000
6 1.00000 1.00000
5 1.00000 1.00000
5 1.00000 1.00000
4 1.00000 0.75000
3 1.00000 1.00000
3 1.00000 1.00000
3 1.00000 1.00000
3 1.00000 1.00000
23 1.00000 0.78261
14 0.82353 1.00000
12 0.75000 1.00000
8 0.88889 1.00000
6 1.00000 1.00000
5 1.00000 1.00000
3 1.00000 1.00000
34 1.00000 0.55882
17 1.00000 0.88235
10 1.00000 0.90000
8 1.00000 0.50000
5 1.00000 1.00000
4 1.00000 1.00000
3 1.00000 1.00000
11 1.00000 1.00000
7 1.00000 0.85714
5 0.83333 1.00000
5 1.00000 1.00000
4 1.00000 1.00000
3 1.00000 1.00000
3 1.00000 1.00000
3 1.00000 1.00000
3 1.00000 1.00000
3 1.00000 1.00000
16 1.00000 0.87500
15 0.93750 1.00000
8 1.00000 0.50000
6 1.00000 1.00000
5 1.00000 0.80000
4 1.00000 1.00000
133 0.96970 0.24060
46 0.95238 0.43478
41 1.00000 0.19512
36 1.00000 0.44444
33 1.00000 0.42424
23 1.00000 0.91304
22 0.95238 0.90909
21 1.00000 1.00000
20 1.00000 0.60000
19 0.80952 0.89474
18 1.00000 0.61111
18 1.00000 0.50000
18 1.00000 0.94444
18 0.91667 0.61111
16 0.63636 0.43750
13 1.00000 1.00000
12 0.84615 0.91667
12 1.00000 1.00000
11 1.00000 1.00000
10 1.00000 0.80000
10 1.00000 0.90000
9 0.90000 1.00000
9 1.00000 0.66667
11 1.00000 1.00000
5 1.00000 0.80000
23 1.00000 0.60870
17 1.00000 0.88235
11 1.00000 1.00000
10 1.00000 1.00000
8 1.00000 1.00000
7 1.00000 1.00000
3 1.00000 1.00000
3 1.00000 1.00000
8 1.00000 1.00000
7 1.00000 0.85714
5 1.00000 1.00000
4 1.00000 1.00000
9 1.00000 1.00000
264 0.93333 0.05303
83 1.00000 0.19277
49 1.00000 0.18367
30 1.00000 0.23333
17 1.00000 0.70588
16 1.00000 0.75000
15 1.00000 0.53333
6 1.00000 1.00000
11 1.00000 0.81818
7 1.00000 0.57143
38 1.00000 0.10526
21 0.94444 0.80952
20 0.86957 1.00000
12 1.00000 0.91667
6 0.85714 1.00000
4 1.00000 1.00000
14 0.93333 1.00000
27 1.00000 0.62963
18 1.00000 0.94444
10 1.00000 0.80000
10 1.00000 0.70000
5 1.00000 1.00000
3 1.00000 1.00000
3 1.00000 1.00000
6 1.00000 1.00000
6 1.00000 1.00000
4 1.00000 1.00000
22 1.00000 0.36364
9 1.00000 0.77778
11 1.00000 1.00000
7 1.00000 0.85714
7 1.00000 1.00000
5 0.83333 1.00000
5 1.00000 1.00000
5 1.00000 1.00000
4 1.00000 1.00000
4 1.00000 1.00000
3 1.00000 1.00000
3 1.00000 1.00000
3 1.00000 1.00000
6 1.00000 1.00000
22 1.00000 0.36364
16 1.00000 0.50000
14 1.00000 0.92857
9 1.00000 0.77778
7 1.00000 1.00000
6 1.00000 1.00000
4 1.00000 1.00000
3 1.00000 1.00000
4 1.00000 1.00000
3 1.00000 1.00000
13 1.00000 1.00000
5 1.00000 1.00000
3 1.00000 1.00000
11 1.00000 0.81818
9 1.00000 0.77778
7 1.00000 0.57143
6 1.00000 0.50000
6 1.00000 0.83333
4 1.00000 1.00000
5 1.00000 1.00000
63 1.00000 0.31746
58 1.00000 0.27586
58 1.00000 0.36207
28 1.00000 0.21429
25 0.70833 0.68000
18 0.94737 1.00000
16 0.93333 0.87500
11 1.00000 0.54545
11 1.00000 1.00000
9 0.90000 1.00000
7 1.00000 0.85714
6 0.85714 1.00000
5 1.00000 0.80000
57 1.00000 0.26316
37 1.00000 0.45946
32 1.00000 0.28125
21 0.92308 0.57143
14 1.00000 0.92857
12 1.00000 1.00000
11 1.00000 0.81818
8 0.88889 1.00000
6 1.00000 1.00000
6 1.00000 1.00000
6 1.00000 0.66667
5 1.00000 0.80000
4 1.00000 1.00000
4 1.00000 1.00000
4 1.00000 0.75000
3 1.00000 1.00000
3 1.00000 1.00000
10 1.00000 0.80000
6 1.00000 1.00000
4 1.00000 1.00000
3 1.00000 1.00000
26 1.00000 0.76923
26 1.00000 0.23077
12 1.00000 0.91667
11 1.00000 1.00000
10 1.00000 1.00000
10 0.83333 1.00000
8 1.00000 1.00000
7 1.00000 1.00000
7 1.00000 1.00000
5 0.71429 1.00000
5 1.00000 1.00000
4 1.00000 1.00000
3 1.00000 1.00000
24 0.73333 0.91667
22 0.91667 0.50000
16 1.00000 0.87500
14 1.00000 0.78571
10 0.90909 1.00000
4 1.00000 1.00000
52 1.00000 0.46154
10 1.00000 1.00000
7 1.00000 1.00000
3 1.00000 1.00000
3 1.00000 1.00000
3 1.00000 1.00000
3 1.00000 1.00000
7 1.00000 1.00000
6 1.00000 0.83333
34 1.00000 0.55882
17 1.00000 0.88235
10 1.00000 0.90000
9 1.00000 1.00000
8 1.00000 0.50000
7 1.00000 1.00000
7 1.00000 1.00000
6 1.00000 1.00000
4 1.00000 1.00000
3 1.00000 1.00000
3 1.00000 1.00000
14 0.93333 1.00000
4 1.00000 1.00000
3 1.00000 1.00000
7 1.00000 1.00000
3 1.00000 1.00000
7 1.00000 1.00000
3 1.00000 1.00000
7 1.00000 1.00000
3 1.00000 1.00000
7 1.00000 1.00000
3 1.00000 1.00000
7 1.00000 1.00000
3 1.00000 1.00000
15 1.00000 0.93333
3 1.00000 1.00000
6 1.00000 1.00000
5 1.00000 1.00000
6 1.00000 1.00000
5 1.00000 1.00000
51 0.87500 0.13725
44 0.76190 0.36364
43 1.00000 0.18605
33 0.90909 0.60606
32 1.00000 0.53125
31 1.00000 0.45161
29 0.80952 0.58621
27 1.00000 0.29630
25 0.86957 0.80000
23 1.00000 0.95652
22 1.00000 0.45455
19 0.95000 1.00000
16 1.00000 0.93750
12 0.91667 0.91667
9 1.00000 1.00000
6 1.00000 1.00000
6 1.00000 1.00000
5 1.00000 1.00000
7 1.00000 1.00000
32 1.00000 0.28125
15 1.00000 0.53333
8 1.00000 0.50000
8 0.88889 1.00000
4 1.00000 1.00000
3 1.00000 1.00000
3 1.00000 1.00000
3 1.00000 1.00000
3 1.00000 1.00000
3 1.00000 1.00000
3 1.00000 1.00000
26 1.00000 0.73077
19 1.00000 0.89474
14 1.00000 0.71429
10 0.71429 1.00000
10 1.00000 0.80000
6 1.00000 1.00000
4 1.00000 1.00000
3 1.00000 1.00000
6 0.85714 1.00000
3 1.00000 1.00000
13 0.92857 1.00000
13 1.00000 0.92308
11 1.00000 1.00000
11 1.00000 0.54545
10 1.00000 0.90000
8 1.00000 0.87500
8 1.00000 1.00000
7 1.00000 0.85714
7 1.00000 1.00000
6 1.00000 0.50000
6 1.00000 1.00000
6 1.00000 1.00000
5 1.00000 0.80000
5 1.00000 1.00000
5 1.00000 1.00000
5 1.00000 0.80000
4 1.00000 1.00000
4 1.00000 1.00000
4 1.00000 1.00000
3 1.00000 1.00000
3 1.00000 1.00000
46 1.00000 0.19565
34 1.00000 0.20588
27 1.00000 0.22222
25 1.00000 0.64000
21 1.00000 0.57143
20 1.00000 0.25000
17 1.00000 0.76471
17 1.00000 0.47059
14 1.00000 0.85714
8 1.00000 0.75000
5 1.00000 1.00000
5 1.00000 1.00000
4 1.00000 1.00000
21 0.94737 0.85714
18 1.00000 0.77778
18 1.00000 0.61111
3 1.00000 1.00000
29 0.95833 0.79310
16 1.00000 0.87500
13 1.00000 1.00000
11 1.00000 1.00000
10 0.83333 1.00000
9 0.90000 1.00000
7 1.00000 1.00000
7 1.00000 0.71429
6 1.00000 1.00000
5 0.71429 1.00000
5 1.00000 1.00000
4 1.00000 0.75000
3 1.00000 1.00000
22 1.00000 0.77273
6 1.00000 1.00000
6 1.00000 1.00000
6 1.00000 1.00000
6 1.00000 1.00000
4 1.00000 1.00000
3 1.00000 1.00000
4 1.00000 1.00000
4 1.00000 1.00000
3 1.00000 1.00000
3 1.00000 1.00000
5 1.00000 1.00000
52 1.00000 0.46154
45 1.00000 0.26667
10 1.00000 1.00000
7 1.00000 1.00000
6 1.00000 1.00000
3 1.00000 1.00000
22 1.00000 0.77273
8 0.88889 1.00000
6 1.00000 1.00000
6 1.00000 1.00000
9 1.00000 1.00000
6 1.00000 1.00000
5 1.00000 1.00000
5 1.00000 1.00000
5 1.00000 1.00000
4 1.00000 1.00000
9 1.00000 1.00000
6 1.00000 1.00000
5 1.00000 1.00000
5 1.00000 1.00000
5 1.00000 1.00000
4 1.00000 1.00000
20 1.00000 0.45000
12 1.00000 1.00000
9 0.81818 1.00000
8 0.88889 1.00000
8 1.00000 0.87500
7 0.63636 1.00000
6 1.00000 1.00000
4 1.00000 1.00000
4 1.00000 1.00000
20 1.00000 0.45000
12 1.00000 1.00000
9 0.81818 1.00000
8 0.88889 1.00000
8 1.00000 0.87500
7 0.63636 1.00000
6 1.00000 1.00000
4 1.00000 1.00000
4 1.00000 1.00000
20 1.00000 0.45000
12 1.00000 1.00000
9 0.81818 1.00000
8 0.88889 1.00000
8 1.00000 0.87500
7 0.63636 1.00000
6 1.00000 1.00000
4 1.00000 1.00000
4 1.00000 1.00000
6 1.00000 0.33333
27 1.00000 0.85185
20 1.00000 0.80000
11 1.00000 0.81818
10 1.00000 0.90000
8 0.88889 1.00000
8 0.88889 1.00000
8 1.00000 0.87500
7 1.00000 1.00000
6 1.00000 1.00000
4 1.00000 1.00000
58 1.00000 0.25862
47 0.96667 0.61702
20 0.90909 1.00000
14 1.00000 0.57143
11 1.00000 1.00000
11 1.00000 0.81818
7 1.00000 1.00000
5 1.00000 1.00000
5 1.00000 1.00000
4 1.00000 1.00000
31 1.00000 0.61290
23 1.00000 0.60870
11 1.00000 1.00000
10 1.00000 1.00000
8 1.00000 1.00000
8 1.00000 1.00000
4 1.00000 0.75000
4 1.00000 1.00000
3 1.00000 1.00000
3 1.00000 1.00000
7 1.00000 1.00000
5 1.00000 1.00000
4 1.00000 1.00000
16 0.93333 0.87500
14 1.00000 0.92857
10 1.00000 1.00000
9 0.90000 1.00000
9 1.00000 1.00000
9 0.90000 1.00000
8 1.00000 0.87500
7 1.00000 1.00000
7 0.87500 1.00000
7 1.00000 1.00000
6 1.00000 0.50000
20 1.00000 0.75000
3 1.00000 1.00000
3 1.00000 1.00000
154 0.96970 0.41558
133 1.00000 0.24812
83 0.95833 0.27711
68 0.89286 0.36765
58 1.00000 0.25862
50 1.00000 0.16000
42 0.90000 0.64286
42 0.90476 0.45238
35 1.00000 0.48571
30 1.00000 0.56667
21 1.00000 0.52381
21 0.95238 0.95238
21 1.00000 0.85714
21 1.00000 0.57143
18 1.00000 0.88889
14 1.00000 0.57143
10 1.00000 1.00000
10 1.00000 0.60000
10 1.00000 0.90000
9 1.00000 1.00000
7 1.00000 1.00000
4 1.00000 1.00000
3 1.00000 1.00000
37 1.00000 0.43243
12 1.00000 0.75000
11 1.00000 0.36364
6 1.00000 0.66667
6 1.00000 1.00000
6 1.00000 1.00000
5 1.00000 0.80000
4 1.00000 1.00000
4 1.00000 0.75000
3 1.00000 1.00000
3 1.00000 1.00000
3 1.00000 1.00000
22 1.00000 0.77273
11 1.00000 1.00000
4 1.00000 1.00000
11 1.00000 0.90909
5 1.00000 1.00000
3 1.00000 1.00000
32 1.00000 0.28125
11 1.00000 1.00000
69 1.00000 0.20290
40 1.00000 0.32500
31 1.00000 0.51613
28 0.93333 0.50000
25 1.00000 0.64000
25 1.00000 0.56000
16 1.00000 0.87500
14 0.82353 1.00000
11 1.00000 0.81818
11 1.00000 1.00000
10 1.00000 0.90000
10 1.00000 0.90000
10 1.00000 1.00000
10 1.00000 1.00000
8 0.88889 1.00000
8 0.88889 1.00000
8 1.00000 0.62500
7 1.00000 1.00000
6 1.00000 1.00000
6 1.00000 1.00000
6 1.00000 0.83333
6 1.00000 0.33333
6 0.85714 1.00000
5 1.00000 1.00000
5 1.00000 1.00000
4 1.00000 1.00000
4 1.00000 1.00000
4 1.00000 1.00000
3 1.00000 1.00000
3 1.00000 1.00000
9 1.00000 0.88889
4 1.00000 1.00000
3 1.00000 1.00000
152 1.00000 0.12500
120 1.00000 0.08333
33 1.00000 0.27273
28 1.00000 0.42857
23 1.00000 0.60870
8 1.00000 1.00000
7 1.00000 1.00000
6 0.85714 1.00000
3 1.00000 1.00000
3 1.00000 1.00000
37 1.00000 0.32432
27 1.00000 0.48148
24 0.73333 0.91667
23 1.00000 0.52174
21 1.00000 0.52381
17 1.00000 0.82353
16 0.93750 0.93750
15 1.00000 0.73333
13 0.86667 1.00000
11 1.00000 0.81818
11 1.00000 1.00000
9 0.90000 1.00000
5 1.00000 1.00000
4 1.00000 1.00000
4 1.00000 1.00000
4 1.00000 1.00000
13 0.81250 1.00000
9 1.00000 1.00000
6 1.00000 1.00000
6 1.00000 0.83333
3 1.00000 1.00000
18 1.00000 0.55556
14 0.93333 1.00000
11 1.00000 0.90909
8 1.00000 1.00000
6 1.00000 1.00000
3 1.00000 1.00000
18 1.00000 0.55556
14 0.93333 1.00000
11 1.00000 0.90909
8 1.00000 1.00000
6 1.00000 1.00000
3 1.00000 1.00000
96 1.00000 0.21875
61 0.97619 0.67213
44 0.94737 0.40909
33 1.00000 0.90909
30 1.00000 0.56667
25 1.00000 0.64000
23 0.95000 0.82609
23 1.00000 0.52174
22 0.93333 0.63636
20 0.90909 1.00000
17 1.00000 0.94118
16 1.00000 0.87500
14 1.00000 0.78571
11 0.91667 1.00000
11 1.00000 1.00000
10 1.00000 1.00000
10 1.00000 1.00000
10 1.00000 0.90000
9 1.00000 1.00000
8 0.80000 1.00000
5 1.00000 1.00000
6 1.00000 1.00000
3 1.00000 1.00000
3 1.00000 1.00000
3 1.00000 1.00000
3 1.00000 1.00000
3 1.00000 1.00000
3 1.00000 1.00000
15 1.00000 0.93333
3 1.00000 1.00000
3 1.00000 1.00000
7 1.00000 0.71429
4 1.00000 1.00000
3 1.00000 1.00000
3 1.00000 1.00000
26 1.00000 0.23077
23 1.00000 0.47826
19 1.00000 0.89474
14 1.00000 0.92857
7 1.00000 1.00000
5 1.00000 0.80000
3 1.00000 1.00000
3 1.00000 1.00000
4 1.00000 0.75000
25 1.00000 0.32000
8 1.00000 1.00000
7 1.00000 1.00000
6 1.00000 1.00000
6 1.00000 0.83333
3 1.00000 1.00000
3 1.00000 1.00000
25 1.00000 0.52000
22 1.00000 0.90909
3 1.00000 1.00000
25 1.00000 0.32000
8 1.00000 1.00000
7 1.00000 1.00000
6 1.00000 1.00000
6 1.00000 0.83333
3 1.00000 1.00000
25 1.00000 0.32000
8 1.00000 1.00000
7 1.00000 1.00000
6 1.00000 1.00000
6 1.00000 0.83333
3 1.00000 1.00000
9 1.00000 0.88889
8 1.00000 0.87500
8 1.00000 1.00000
3 1.00000 1.00000
3 1.00000 1.00000
26 1.00000 0.34615
22 1.00000 0.68182
17 1.00000 0.70588
15 1.00000 1.00000
10 1.00000 0.80000
10 1.00000 0.90000
10 1.00000 1.00000
9 1.00000 1.00000
8 1.00000 1.00000
8 1.00000 1.00000
7 1.00000 0.57143
6 1.00000 0.83333
6 1.00000 1.00000
5 1.00000 1.00000
5 1.00000 1.00000
5 1.00000 0.80000
5 1.00000 0.80000
4 1.00000 1.00000
4 1.00000 1.00000
4 1.00000 1.00000
3 1.00000 1.00000
3 1.00000 1.00000
60 1.00000 0.23333
41 1.00000 0.19512
31 0.95000 0.61290
17 1.00000 0.82353
16 1.00000 1.00000
9 1.00000 1.00000
8 1.00000 1.00000
6 0.85714 1.00000
5 1.00000 0.40000
3 1.00000 1.00000
16 0.63636 0.43750
10 1.00000 0.90000
5 1.00000 1.00000
5 1.00000 1.00000
4 1.00000 1.00000
4 1.00000 1.00000
16 0.63636 0.43750
10 1.00000 0.90000
5 1.00000 1.00000
5 1.00000 1.00000
4 1.00000 1.00000
4 1.00000 1.00000
3 1.00000 1.00000
3 1.00000 1.00000
3 1.00000 1.00000
3 1.00000 1.00000
31 1.00000 0.77419
4 1.00000 1.00000
50 0.88889 0.32000
46 0.85714 0.13043
41 1.00000 0.07317
40 0.88235 0.37500
34 1.00000 0.47059
28 1.00000 0.28571
27 1.00000 0.44444
19 1.00000 0.57895
17 1.00000 0.82353
11 0.68750 1.00000
10 0.71429 1.00000
9 1.00000 1.00000
9 1.00000 1.00000
8 0.80000 1.00000
5 1.00000 0.80000
16 1.00000 0.93750
10 0.76923 1.00000
33 1.00000 0.57576
33 1.00000 0.42424
23 1.00000 0.39130
23 0.88889 0.34783
18 1.00000 0.94444
16 1.00000 0.68750
14 1.00000 0.92857
12 0.92308 1.00000
12 0.92308 1.00000
10 1.00000 0.60000
9 1.00000 0.55556
9 1.00000 0.88889
8 1.00000 0.87500
8 1.00000 1.00000
8 1.00000 1.00000
5 1.00000 0.80000
4 1.00000 1.00000
9 1.00000 0.77778
8 1.00000 1.00000
7 1.00000 1.00000
7 1.00000 1.00000
5 1.00000 1.00000
5 1.00000 1.00000
4 1.00000 0.75000
4 1.00000 0.75000
3 1.00000 1.00000
3 1.00000 1.00000
3 1.00000 1.00000
90 1.00000 0.73333
54 1.00000 0.25926
44 0.95238 0.45455
41 1.00000 0.19512
35 1.00000 0.48571
30 1.00000 0.56667
15 1.00000 0.80000
14 1.00000 0.85714
13 0.92308 0.92308
13 1.00000 1.00000
13 0.92857 1.00000
11 1.00000 1.00000
10 1.00000 1.00000
9 1.00000 0.88889
9 1.00000 1.00000
9 1.00000 1.00000
8 1.00000 1.00000
7 1.00000 1.00000
7 1.00000 1.00000
4 1.00000 1.00000
18 1.00000 0.38889
3 1.00000 1.00000
101 1.00000 0.04950
22 1.00000 0.63636
14 1.00000 0.50000
13 1.00000 0.84615
13 0.81250 1.00000
12 1.00000 1.00000
8 0.88889 1.00000
4 1.00000 1.00000
3 1.00000 1.00000
3 1.00000 1.00000
3 1.00000 1.00000
312 1.00000 0.04808
49 1.00000 0.18367
41 1.00000 0.19512
30 1.00000 0.23333
25 1.00000 0.64000
20 1.00000 0.85000
15 1.00000 0.53333
6 1.00000 1.00000
4 1.00000 1.00000
3 1.00000 1.00000
21 0.94118 0.76190
12 1.00000 0.83333
11 1.00000 0.90909
10 1.00000 1.00000
10 0.83333 1.00000
8 1.00000 0.87500
4 1.00000 1.00000
4 1.00000 0.75000
4 1.00000 1.00000
3 1.00000 1.00000
3 1.00000 1.00000
3 1.00000 1.00000
3 1.00000 1.00000
3 1.00000 1.00000
3 1.00000 1.00000
3 1.00000 1.00000
16 1.00000 0.93750
10 1.00000 0.80000
9 0.90000 1.00000
6 1.00000 0.66667
5 1.00000 1.00000
3 1.00000 1.00000
3 1.00000 1.00000
12 1.00000 0.75000
5 1.00000 1.00000
4 1.00000 1.00000
3 1.00000 1.00000
6 1.00000 1.00000
129 1.00000 0.11628
100 1.00000 0.21000
65 1.00000 0.30769
62 1.00000 0.67742
59 1.00000 0.27119
58 1.00000 0.36207
54 1.00000 0.44444
49 1.00000 0.38776
46 0.94118 0.34783
39 1.00000 0.30769
35 0.91667 0.31429
33 1.00000 0.90909
33 0.91667 0.66667
33 1.00000 0.60606
30 1.00000 0.56667
30 1.00000 0.20000
28 1.00000 0.21429
27 1.00000 0.59259
27 1.00000 0.48148
26 1.00000 0.42308
25 1.00000 0.88000
23 0.95000 0.82609
23 1.00000 0.52174
22 0.93333 0.63636
21 1.00000 0.33333
19 1.00000 0.73684
19 1.00000 1.00000
17 1.00000 0.94118
17 1.00000 0.88235
17 1.00000 0.82353
15 1.00000 0.93333
12 1.00000 0.83333
11 1.00000 1.00000
11 1.00000 1.00000
10 1.00000 1.00000
10 1.00000 0.90000
9 0.90000 1.00000
9 1.00000 0.88889
9 1.00000 1.00000
9 1.00000 1.00000
8 0.80000 1.00000
7 1.00000 0.85714
5 1.00000 0.80000
5 1.00000 0.80000
5 1.00000 1.00000
19 1.00000 0.52632
14 0.93333 1.00000
11 1.00000 0.90909
9 1.00000 0.88889
6 1.00000 1.00000
19 1.00000 0.52632
14 0.93333 1.00000
11 1.00000 0.90909
9 1.00000 0.88889
6 1.00000 1.00000
11 1.00000 0.90909
10 1.00000 0.90000
8 1.00000 0.87500
6 1.00000 1.00000
4 1.00000 1.00000
4 1.00000 1.00000
3 1.00000 1.00000
11 1.00000 0.90909
10 1.00000 0.90000
8 1.00000 0.87500
6 1.00000 1.00000
4 1.00000 1.00000
4 1.00000 1.00000
3 1.00000 1.00000
11 1.00000 0.90909
10 1.00000 0.90000
8 1.00000 0.87500
6 1.00000 1.00000
4 1.00000 1.00000
4 1.00000 1.00000
3 1.00000 1.00000
3 1.00000 1.00000
3 1.00000 1.00000
11 1.00000 0.90909
10 1.00000 0.90000
8 1.00000 0.87500
6 1.00000 1.00000
4 1.00000 1.00000
4 1.00000 1.00000
3 1.00000 1.00000
8 1.00000 1.00000
7 1.00000 0.85714
15 0.62500 0.33333
5 1.00000 1.00000
4 1.00000 1.00000
8 1.00000 0.87500
8 1.00000 1.00000
8 1.00000 1.00000
6 1.00000 1.00000
4 1.00000 1.00000
4 1.00000 0.75000
3 1.00000 1.00000
3 1.00000 1.00000
3 1.00000 1.00000
9 1.00000 1.00000
8 1.00000 1.00000
7 1.00000 0.85714
24 1.00000 0.37500
22 0.94118 0.72727
17 1.00000 0.58824
14 1.00000 0.50000
11 1.00000 0.90909
11 1.00000 0.90909
10 0.83333 1.00000
6 1.00000 0.83333
5 1.00000 1.00000
4 1.00000 1.00000
4 1.00000 0.75000
4 1.00000 1.00000
4 1.00000 1.00000
3 1.00000 1.00000
3 1.00000 1.00000
3 1.00000 1.00000
3 1.00000 1.00000
20 1.00000 0.75000
3 1.00000 1.00000
3 1.00000 1.00000
3 1.00000 1.00000
3 1.00000 1.00000
11 1.00000 0.90909
10 1.00000 0.90000
8 1.00000 0.87500
6 1.00000 1.00000
4 1.00000 1.00000
4 1.00000 1.00000
3 1.00000 1.00000
37 1.00000 0.21622
14 0.93333 1.00000
9 1.00000 0.66667
9 1.00000 1.00000
7 1.00000 1.00000
6 1.00000 0.83333
4 1.00000 1.00000
8 1.00000 0.75000
4 1.00000 1.00000
3 1.00000 1.00000
18 1.00000 0.44444
6 1.00000 1.00000
4 1.00000 1.00000
19 1.00000 0.89474
11 1.00000 0.81818
9 1.00000 0.77778
7 1.00000 0.85714
6 1.00000 1.00000
5 1.00000 1.00000
4 1.00000 1.00000
4 1.00000 1.00000
4 1.00000 1.00000
3 1.00000 1.00000
3 1.00000 1.00000
3 1.00000 1.00000
3 1.00000 1.00000
8 1.00000 0.75000
4 1.00000 1.00000
3 1.00000 1.00000
26 1.00000 0.23077
19 1.00000 0.89474
14 1.00000 0.92857
11 1.00000 0.81818
8 1.00000 1.00000
7 1.00000 1.00000
7 1.00000 0.85714
5 1.00000 0.80000
4 1.00000 1.00000
3 1.00000 1.00000
3 1.00000 1.00000
3 1.00000 1.00000
69 1.00000 0.20290
40 1.00000 0.32500
25 1.00000 0.56000
24 1.00000 0.62500
17 1.00000 0.82353
17 1.00000 0.64706
15 1.00000 0.46667
14 1.00000 0.50000
13 1.00000 0.53846
12 1.00000 0.91667
11 1.00000 0.90909
11 1.00000 0.81818
10 1.00000 0.90000
10 1.00000 1.00000
10 1.00000 0.90000
9 1.00000 1.00000
9 0.90000 1.00000
8 1.00000 0.87500
7 1.00000 1.00000
6 1.00000 0.83333
6 1.00000 0.33333
6 1.00000 1.00000
6 1.00000 0.83333
6 0.85714 1.00000
5 1.00000 1.00000
5 1.00000 0.80000
5 1.00000 1.00000
5 1.00000 1.00000
4 1.00000 1.00000
4 1.00000 0.75000
4 1.00000 1.00000
3 1.00000 1.00000
3 1.00000 1.00000
3 1.00000 1.00000
3 1.00000 1.00000
5 1.00000 1.00000
47 1.00000 0.12766
32 1.00000 0.62500
28 1.00000 0.42857
26 1.00000 0.34615
25 1.00000 0.56000
25 1.00000 0.32000
22 1.00000 0.45455
19 1.00000 0.57895
16 1.00000 0.81250
15 1.00000 1.00000
14 1.00000 0.92857
14 1.00000 0.92857
12 1.00000 0.41667
12 1.00000 0.83333
11 1.00000 1.00000
11 1.00000 0.45455
11 1.00000 0.54545
11 1.00000 0.81818
10 1.00000 0.80000
10 1.00000 1.00000
10 1.00000 0.90000
9 0.75000 1.00000
8 1.00000 1.00000
7 1.00000 1.00000
7 1.00000 0.71429
7 1.00000 0.57143
6 0.85714 1.00000
6 1.00000 1.00000
6 1.00000 1.00000
5 1.00000 0.80000
5 1.00000 1.00000
5 1.00000 1.00000
5 1.00000 0.80000
5 1.00000 0.80000
4 1.00000 1.00000
4 1.00000 1.00000
4 1.00000 1.00000
4 1.00000 1.00000
4 1.00000 1.00000
4 1.00000 1.00000
3 1.00000 1.00000
3 1.00000 1.00000
3 1.00000 1.00000
3 1.00000 1.00000
3 1.00000 1.00000
3 1.00000 1.00000
3 1.00000 1.00000
9 1.00000 0.88889
4 1.00000 1.00000
9 1.00000 0.88889
4 1.00000 1.00000
21 0.95238 0.95238
18 1.00000 0.72222
15 1.00000 1.00000
9 1.00000 1.00000
8 0.88889 1.00000
4 1.00000 1.00000
6 1.00000 0.33333
3 1.00000 1.00000
17 1.00000 0.88235
15 1.00000 0.93333
5 1.00000 1.00000
3 1.00000 1.00000
32 1.00000 0.28125
16 1.00000 1.00000
16 1.00000 0.87500
15 0.93750 1.00000
8 0.88889 1.00000
6 1.00000 1.00000
6 1.00000 1.00000
6 1.00000 1.00000
6 1.00000 1.00000
4 1.00000 1.00000
3 1.00000 1.00000
3 1.00000 1.00000
140 1.00000 0.23571
42 0.90000 0.64286
35 1.00000 0.48571
28 0.95000 0.67857
21 1.00000 0.52381
21 1.00000 0.85714
21 1.00000 0.90476
20 0.90909 1.00000
19 0.94737 0.94737
15 1.00000 0.53333
14 1.00000 0.85714
14 1.00000 0.57143
9 1.00000 1.00000
9 1.00000 0.66667
7 1.00000 1.00000
7 1.00000 1.00000
5 1.00000 1.00000
4 1.00000 1.00000
3 1.00000 1.00000
3 1.00000 1.00000
6 1.00000 1.00000
28 1.00000 0.60714
26 1.00000 0.23077
26 1.00000 0.46154
25 1.00000 0.60000
17 1.00000 0.88235
16 1.00000 0.75000
16 1.00000 0.93750
16 1.00000 0.81250
14 1.00000 0.85714
13 1.00000 0.92308
13 1.00000 0.69231
11 1.00000 1.00000
11 1.00000 1.00000
10 1.00000 0.90000
10 1.00000 0.80000
10 0.83333 1.00000
8 1.00000 1.00000
8 1.00000 0.87500
8 1.00000 0.50000
7 1.00000 1.00000
7 1.00000 0.71429
7 1.00000 1.00000
7 1.00000 1.00000
6 1.00000 1.00000
6 1.00000 1.00000
6 1.00000 0.33333
6 1.00000 1.00000
6 1.00000 1.00000
5 1.00000 1.00000
4 1.00000 1.00000
4 1.00000 1.00000
4 1.00000 1.00000
4 1.00000 0.75000
4 1.00000 1.00000
3 1.00000 1.00000
3 1.00000 1.00000
3 1.00000 1.00000
3 1.00000 1.00000
3 1.00000 1.00000
3 1.00000 1.00000
3 1.00000 1.00000
4 1.00000 0.75000
4 1.00000 1.00000
3 1.00000 1.00000
18 1.00000 0.33333
7 1.00000 1.00000
4 1.00000 1.00000
3 1.00000 1.00000
3 1.00000 1.00000
3 1.00000 1.00000
3 1.00000 1.00000
3 1.00000 1.00000
3 1.00000 1.00000
3 1.00000 1.00000
14 0.66667 1.00000
34 1.00000 0.41176
31 1.00000 0.51613
17 1.00000 0.76471
14 1.00000 0.64286
11 1.00000 0.90909
7 1.00000 0.71429
6 1.00000 0.83333
6 0.85714 1.00000
4 1.00000 1.00000
3 1.00000 1.00000
3 1.00000 1.00000
3 1.00000 1.00000
3 1.00000 1.00000
3 1.00000 1.00000
23 1.00000 0.56522
19 1.00000 0.36842
12 1.00000 0.83333
76 1.00000 0.25000
28 1.00000 0.35714
10 1.00000 0.50000
10 1.00000 1.00000
9 1.00000 0.55556
9 1.00000 0.77778
9 1.00000 1.00000
6 1.00000 1.00000
5 1.00000 0.80000
4 1.00000 0.75000
52 1.00000 0.46154
37 1.00000 0.21622
25 1.00000 0.52000
11 1.00000 0.90909
9 1.00000 0.66667
7 1.00000 1.00000
6 1.00000 1.00000
6 1.00000 1.00000
3 1.00000 1.00000
3 1.00000 1.00000
3 1.00000 1.00000
3 1.00000 1.00000
3 1.00000 1.00000
52 1.00000 0.46154
37 1.00000 0.21622
25 1.00000 0.52000
10 1.00000 0.80000
9 1.00000 0.66667
7 1.00000 1.00000
6 1.00000 1.00000
6 1.00000 1.00000
3 1.00000 1.00000
3 1.00000 1.00000
3 1.00000 1.00000
3 1.00000 1.00000
3 1.00000 1.00000
52 1.00000 0.46154
37 1.00000 0.21622
25 1.00000 0.52000
10 1.00000 0.80000
9 1.00000 0.66667
7 1.00000 1.00000
6 1.00000 1.00000
6 1.00000 1.00000
3 1.00000 1.00000
3 1.00000 1.00000
3 1.00000 1.00000
3 1.00000 1.00000
3 1.00000 1.00000
15 0.62500 0.33333
10 1.00000 0.60000
8 1.00000 0.50000
7 1.00000 1.00000
5 1.00000 0.80000
4 1.00000 1.00000
3 1.00000 1.00000
3 1.00000 1.00000
52 1.00000 0.46154
37 1.00000 0.21622
25 1.00000 0.52000
10 1.00000 0.80000
9 1.00000 0.66667
7 1.00000 1.00000
6 1.00000 1.00000
6 1.00000 1.00000
3 1.00000 1.00000
3 1.00000 1.00000
3 1.00000 1.00000
3 1.00000 1.00000
3 1.00000 1.00000
9 0.81818 1.00000
4 1.00000 1.00000
3 1.00000 1.00000
3 1.00000 1.00000
8 0.88889 1.00000
6 0.85714 1.00000
4 1.00000 1.00000
3 1.00000 1.00000
3 1.00000 1.00000
3 1.00000 1.00000
61 1.00000 0.24590
37 1.00000 0.45946
34 1.00000 0.32353
32 1.00000 0.28125
25 1.00000 0.68000
21 1.00000 0.57143
21 0.92308 0.57143
20 1.00000 0.35000
16 1.00000 1.00000
16 1.00000 0.87500
14 1.00000 0.50000
14 1.00000 0.92857
11 1.00000 0.81818
11 1.00000 0.81818
8 1.00000 1.00000
8 0.88889 1.00000
7 1.00000 1.00000
6 1.00000 1.00000
6 1.00000 1.00000
6 1.00000 1.00000
5 1.00000 1.00000
5 1.00000 1.00000
4 1.00000 1.00000
3 1.00000 1.00000
3 1.00000 1.00000
3 1.00000 1.00000
6 1.00000 0.33333
3 1.00000 1.00000
61 1.00000 0.24590
37 1.00000 0.45946
34 1.00000 0.32353
32 1.00000 0.28125
25 1.00000 0.68000
21 1.00000 0.57143
21 0.92308 0.57143
20 1.00000 0.35000
16 1.00000 1.00000
16 1.00000 0.87500
14 1.00000 0.50000
14 1.00000 0.92857
11 1.00000 0.81818
11 1.00000 0.81818
8 1.00000 1.00000
8 0.88889 1.00000
7 1.00000 1.00000
6 1.00000 1.00000
6 1.00000 1.00000
6 1.00000 1.00000
5 1.00000 1.00000
5 1.00000 1.00000
4 1.00000 1.00000
3 1.00000 1.00000
3 1.00000 1.00000
3 1.00000 1.00000
8 1.00000 0.87500
6 1.00000 1.00000
6 1.00000 1.00000
6 1.00000 1.00000
9 1.00000 0.88889
4 1.00000 1.00000
4 1.00000 1.00000
3 1.00000 1.00000
3 1.00000 1.00000
8 0.88889 1.00000
6 1.00000 1.00000
3 1.00000 1.00000
3 1.00000 1.00000
20 1.00000 0.45000
19 1.00000 0.52632
14 0.93333 1.00000
12 1.00000 1.00000
11 1.00000 0.90909
11 1.00000 0.90909
10 1.00000 0.90000
9 1.00000 0.88889
9 0.81818 1.00000
8 1.00000 0.87500
8 1.00000 0.87500
7 0.63636 1.00000
6 1.00000 1.00000
6 1.00000 1.00000
6 1.00000 1.00000
6 1.00000 1.00000
5 1.00000 1.00000
4 1.00000 1.00000
4 1.00000 1.00000
4 1.00000 1.00000
3 1.00000 1.00000
20 1.00000 0.45000
19 1.00000 0.52632
14 0.93333 1.00000
12 1.00000 1.00000
11 1.00000 0.90909
11 1.00000 0.90909
10 1.00000 0.90000
9 1.00000 0.88889
9 0.81818 1.00000
8 1.00000 0.87500
8 1.00000 0.87500
7 0.63636 1.00000
6 1.00000 1.00000
6 1.00000 1.00000
6 1.00000 1.00000
6 1.00000 1.00000
5 1.00000 1.00000
4 1.00000 1.00000
4 1.00000 1.00000
4 1.00000 1.00000
3 1.00000 1.00000
8 0.88889 1.00000
6 1.00000 1.00000
3 1.00000 1.00000
3 1.00000 1.00000
62 1.00000 0.33871
13 1.00000 0.53846
10 1.00000 0.90000
9 1.00000 1.00000
9 1.00000 0.88889
8 1.00000 1.00000
8 1.00000 0.62500
7 1.00000 1.00000
7 1.00000 0.85714
7 1.00000 0.85714
7 1.00000 1.00000
7 1.00000 1.00000
6 1.00000 1.00000
6 1.00000 1.00000
6 1.00000 1.00000
6 1.00000 0.83333
6 1.00000 1.00000
6 1.00000 0.83333
6 0.85714 1.00000
6 1.00000 1.00000
5 0.83333 1.00000
5 1.00000 1.00000
5 1.00000 1.00000
5 1.00000 1.00000
5 1.00000 1.00000
5 1.00000 1.00000
5 1.00000 1.00000
5 1.00000 0.80000
4 1.00000 1.00000
4 1.00000 1.00000
4 1.00000 1.00000
4 1.00000 1.00000
4 1.00000 1.00000
4 1.00000 0.75000
4 1.00000 1.00000
4 1.00000 0.75000
4 1.00000 1.00000
4 1.00000 1.00000
4 1.00000 1.00000
4 1.00000 1.00000
4 1.00000 1.00000
3 1.00000 1.00000
3 1.00000 1.00000
3 1.00000 1.00000
3 1.00000 1.00000
3 1.00000 1.00000
3 1.00000 1.00000
3 1.00000 1.00000
3 1.00000 1.00000
3 1.00000 1.00000
3 1.00000 1.00000
3 1.00000 1.00000
3 1.00000 1.00000
3 1.00000 1.00000
22 1.00000 0.54545
12 0.91667 0.91667
10 0.76923 1.00000
3 1.00000 1.00000
3 1.00000 1.00000
3 1.00000 1.00000
3 1.00000 1.00000
3 1.00000 1.00000
11 1.00000 0.90909
11 1.00000 0.81818
10 1.00000 0.90000
9 1.00000 0.77778
8 1.00000 0.87500
8 1.00000 0.75000
7 1.00000 0.85714
7 1.00000 0.85714
6 1.00000 1.00000
6 1.00000 1.00000
5 1.00000 1.00000
4 1.00000 1.00000
4 1.00000 1.00000
4 1.00000 1.00000
4 1.00000 1.00000
4 1.00000 1.00000
4 1.00000 1.00000
3 1.00000 1.00000
3 1.00000 1.00000
3 1.00000 1.00000
3 1.00000 1.00000
3 1.00000 1.00000
3 1.00000 1.00000
11 1.00000 0.90909
11 1.00000 0.81818
10 1.00000 0.90000
9 1.00000 0.77778
8 1.00000 0.87500
8 1.00000 0.75000
7 1.00000 0.85714
7 1.00000 0.85714
6 1.00000 1.00000
6 1.00000 1.00000
5 1.00000 1.00000
4 1.00000 1.00000
4 1.00000 1.00000
4 1.00000 1.00000
4 1.00000 1.00000
4 1.00000 1.00000
4 1.00000 1.00000
3 1.00000 1.00000
3 1.00000 1.00000
3 1.00000 1.00000
3 1.00000 1.00000
3 1.00000 1.00000
3 1.00000 1.00000
18 1.00000 0.38889
8 0.88889 1.00000
6 1.00000 1.00000
3 1.00000 1.00000
3 1.00000 1.00000
3 1.00000 1.00000
3 1.00000 1.00000
62 1.00000 0.33871
13 1.00000 0.53846
10 1.00000 0.90000
9 1.00000 1.00000
9 1.00000 0.88889
8 1.00000 1.00000
8 1.00000 0.87500
8 1.00000 1.00000
8 1.00000 0.62500
7 1.00000 1.00000
7 1.00000 1.00000
7 1.00000 1.00000
7 1.00000 1.00000
7 1.00000 0.85714
7 1.00000 0.85714
7 1.00000 1.00000
7 1.00000 1.00000
7 1.00000 1.00000
6 1.00000 1.00000
6 1.00000 1.00000
6 1.00000 1.00000
6 1.00000 0.83333
6 1.00000 1.00000
6 1.00000 0.83333
6 0.85714 1.00000
6 1.00000 1.00000
5 0.83333 1.00000
5 1.00000 1.00000
5 1.00000 1.00000
5 1.00000 1.00000
5 1.00000 1.00000
5 1.00000 1.00000
5 1.00000 1.00000
5 1.00000 0.80000
4 1.00000 1.00000
4 1.00000 1.00000
4 1.00000 1.00000
4 1.00000 1.00000
4 1.00000 1.00000
4 1.00000 0.75000
4 1.00000 1.00000
4 1.00000 0.75000
4 1.00000 0.75000
4 1.00000 1.00000
4 1.00000 1.00000
4 1.00000 1.00000
4 1.00000 1.00000
4 1.00000 0.75000
4 1.00000 1.00000
3 1.00000 1.00000
3 1.00000 1.00000
3 1.00000 1.00000
3 1.00000 1.00000
3 1.00000 1.00000
3 1.00000 1.00000
3 1.00000 1.00000
3 1.00000 1.00000
3 1.00000 1.00000
3 1.00000 1.00000
3 1.00000 1.00000
3 1.00000 1.00000
3 1.00000 1.00000
3 1.00000 1.00000
3 1.00000 1.00000
18 1.00000 0.44444
9 1.00000 0.77778
6 1.00000 1.00000
4 1.00000 1.00000
3 1.00000 1.00000
3 1.00000 1.00000
51 1.00000 0.23529
41 0.88235 0.36585
34 1.00000 0.47059
32 1.00000 0.37500
28 1.00000 0.28571
22 1.00000 0.63636
20 0.69565 0.80000
20 1.00000 0.55000
18 1.00000 0.94444
18 1.00000 0.61111
11 1.00000 0.81818
10 0.71429 1.00000
9 1.00000 1.00000
9 0.90000 1.00000
9 1.00000 1.00000
8 1.00000 0.50000
7 1.00000 1.00000
7 1.00000 1.00000
6 1.00000 0.66667
6 1.00000 1.00000
5 1.00000 0.80000
5 1.00000 0.80000
114 1.00000 0.07895
26 1.00000 0.38462
22 1.00000 0.45455
17 1.00000 1.00000
16 1.00000 0.93750
12 0.84615 0.91667
10 1.00000 0.80000
9 1.00000 1.00000
6 1.00000 0.66667
6 0.85714 1.00000
5 1.00000 1.00000
5 1.00000 1.00000
5 1.00000 1.00000
4 1.00000 1.00000
4 1.00000 1.00000
3 1.00000 1.00000
3 1.00000 1.00000
49 1.00000 0.30612
42 1.00000 0.14286
42 1.00000 0.45238
37 1.00000 0.10811
27 1.00000 0.33333
26 1.00000 0.50000
25 1.00000 0.68000
24 1.00000 0.54167
21 1.00000 0.57143
20 1.00000 0.35000
18 1.00000 0.66667
16 1.00000 1.00000
16 1.00000 0.87500
12 1.00000 0.75000
10 1.00000 0.60000
8 1.00000 1.00000
8 1.00000 1.00000
7 1.00000 1.00000
7 1.00000 1.00000
6 1.00000 1.00000
6 1.00000 0.66667
6 1.00000 1.00000
5 1.00000 1.00000
4 1.00000 1.00000
3 1.00000 1.00000
3 1.00000 1.00000
3 1.00000 1.00000
3 1.00000 1.00000
3 1.00000 1.00000
113 1.00000 0.24779
42 0.90000 0.64286
22 0.95455 0.95455
21 1.00000 0.52381
21 1.00000 0.90476
20 1.00000 0.95000
18 1.00000 0.61111
17 1.00000 0.82353
15 0.93750 1.00000
14 1.00000 0.57143
11 1.00000 1.00000
10 1.00000 1.00000
10 1.00000 1.00000
10 1.00000 0.80000
9 1.00000 1.00000
9 1.00000 0.66667
7 1.00000 0.85714
7 1.00000 1.00000
6 1.00000 0.66667
6 0.46154 1.00000
6 0.54545 1.00000
5 1.00000 1.00000
4 1.00000 1.00000
4 1.00000 1.00000
3 1.00000 1.00000
3 1.00000 1.00000
31 1.00000 0.77419
9 1.00000 0.88889
4 1.00000 1.00000
3 1.00000 1.00000
328 0.96429 0.08232
48 1.00000 0.50000
20 1.00000 0.45000
19 1.00000 0.52632
18 1.00000 0.38889
14 0.93333 1.00000
11 1.00000 0.90909
11 1.00000 0.90909
11 1.00000 0.81818
10 1.00000 0.90000
9 1.00000 0.77778
9 1.00000 0.88889
9 0.81818 1.00000
8 1.00000 0.87500
8 0.88889 1.00000
8 1.00000 0.87500
8 1.00000 0.75000
7 0.63636 1.00000
7 1.00000 0.85714
7 1.00000 0.85714
6 1.00000 1.00000
6 1.00000 1.00000
6 1.00000 1.00000
6 1.00000 1.00000
6 1.00000 1.00000
5 1.00000 1.00000
5 1.00000 1.00000
4 1.00000 1.00000
4 1.00000 1.00000
4 1.00000 1.00000
4 1.00000 1.00000
4 1.00000 1.00000
4 1.00000 1.00000
3 1.00000 1.00000
3 1.00000 1.00000
3 1.00000 1.00000
3 1.00000 1.00000
3 1.00000 1.00000
3 1.00000 1.00000
3 1.00000 1.00000
3 1.00000 1.00000
3 1.00000 1.00000
3 1.00000 1.00000
328 0.96429 0.08232
48 1.00000 0.50000
20 1.00000 0.45000
19 1.00000 0.52632
18 1.00000 0.38889
14 0.93333 1.00000
11 1.00000 0.90909
11 1.00000 0.90909
11 1.00000 0.81818
10 1.00000 0.90000
9 1.00000 0.77778
9 1.00000 0.88889
9 0.81818 1.00000
8 1.00000 0.87500
8 0.88889 1.00000
8 1.00000 0.87500
8 1.00000 0.75000
7 0.63636 1.00000
7 1.00000 0.85714
7 1.00000 0.85714
6 1.00000 1.00000
6 1.00000 1.00000
6 1.00000 1.00000
6 1.00000 1.00000
6 1.00000 1.00000
5 1.00000 1.00000
5 1.00000 1.00000
4 1.00000 1.00000
4 1.00000 1.00000
4 1.00000 1.00000
4 1.00000 1.00000
4 1.00000 1.00000
4 1.00000 1.00000
3 1.00000 1.00000
3 1.00000 1.00000
3 1.00000 1.00000
3 1.00000 1.00000
3 1.00000 1.00000
3 1.00000 1.00000
3 1.00000 1.00000
3 1.00000 1.00000
3 1.00000 1.00000
3 1.00000 1.00000
41 1.00000 0.36585
34 1.00000 0.55882
17 1.00000 0.82353
16 1.00000 0.50000
15 1.00000 0.46667
15 0.90909 0.66667
14 1.00000 0.92857
14 1.00000 0.50000
13 0.92857 1.00000
12 1.00000 0.41667
11 1.00000 1.00000
11 1.00000 1.00000
10 1.00000 0.90000
10 1.00000 0.90000
10 0.83333 1.00000
9 1.00000 0.55556
9 0.90000 1.00000
9 1.00000 1.00000
9 1.00000 0.77778
9 0.90000 1.00000
8 1.00000 1.00000
7 1.00000 1.00000
6 1.00000 0.33333
6 1.00000 1.00000
6 1.00000 0.83333
6 1.00000 0.66667
6 1.00000 1.00000
5 1.00000 1.00000
5 1.00000 1.00000
4 1.00000 1.00000
4 1.00000 1.00000
4 1.00000 1.00000
3 1.00000 1.00000
3 1.00000 1.00000
3 1.00000 1.00000
3 1.00000 1.00000
3 1.00000 1.00000
3 1.00000 1.00000
3 1.00000 1.00000
3 1.00000 1.00000
3 1.00000 1.00000
3 1.00000 1.00000
41 1.00000 0.36585
35 1.00000 0.54286
17 1.00000 0.82353
16 1.00000 0.50000
15 0.90909 0.66667
14 1.00000 0.92857
14 1.00000 0.50000
13 0.92857 1.00000
12 1.00000 0.41667
12 1.00000 0.58333
11 1.00000 1.00000
11 1.00000 1.00000
10 1.00000 0.90000
10 1.00000 0.90000
10 0.83333 1.00000
9 1.00000 0.55556
9 0.90000 1.00000
9 1.00000 1.00000
9 1.00000 0.77778
9 0.90000 1.00000
8 1.00000 1.00000
7 1.00000 0.85714
6 1.00000 0.33333
6 1.00000 0.83333
6 1.00000 0.66667
6 1.00000 1.00000
5 1.00000 1.00000
5 1.00000 1.00000
4 1.00000 1.00000
4 1.00000 1.00000
4 1.00000 1.00000
3 1.00000 1.00000
3 1.00000 1.00000
3 1.00000 1.00000
3 1.00000 1.00000
3 1.00000 1.00000
3 1.00000 1.00000
3 1.00000 1.00000
3 1.00000 1.00000
3 1.00000 1.00000
